10.0000	4.0000	51.0000	70.0000	1.0021	0.9944	0.9917	0.9937	0.9929	19.0646	17.5477	17.1561	16.5018	18.1360	16.8922	0.7668	0.0000	19.0000	0.0000	0.0000	-0.7405
10.0000	4.0000	51.0000	282.0000	1.0023	0.9948	0.9920	0.9942	0.9926	19.1323	17.6160	17.1087	16.5898	18.3132	16.9889	0.7831	0.0000	19.0000	0.0000	0.0000	-0.7405
10.0000	4.0000	51.0000	482.0000	1.0020	0.9942	0.9911	0.9930	0.9922	19.0917	17.5841	17.0517	16.5405	18.1776	16.8640	0.7550	0.0000	19.0000	0.0000	0.0000	-0.7405
10.0000	4.0000	51.0000	671.0000	1.0025	0.9953	0.9908	0.9944	0.9928	19.0740	17.6000	16.9747	16.5726	18.2083	16.8147	0.7499	0.0000	19.0000	0.0000	0.0000	-0.7405
10.0000	4.0000	51.0000	880.0000	1.0022	0.9947	0.9912	0.9937	0.9911	19.0950	17.6172	17.0216	16.6223	18.2394	16.6749	0.7439	0.0000	19.0000	0.0000	0.0000	-0.7405
10.0000	4.0000	52.0000	73.0000	1.0022	0.9948	0.9913	0.9941	0.9927	19.0763	17.5770	17.0853	16.4879	18.2931	16.6835	0.7788	0.0000	19.0000	0.0000	0.0000	-0.7405
10.0000	4.0000	52.0000	283.0000	1.0026	0.9952	0.9931	0.9939	0.9932	19.0726	17.6562	17.0484	16.4889	18.1987	16.6792	0.7335	0.0000	19.0000	0.0000	0.0000	-0.7405
10.0000	4.0000	52.0000	474.0000	1.0022	0.9949	0.9907	0.9936	0.9907	19.1242	17.4794	17.0867	16.5223	18.2164	16.6873	0.7678	0.0000	19.0000	0.0000	0.0000	-0.7405
10.0000	4.0000	52.0000	685.0000	1.0011	0.9952	0.9922	0.9934	0.9922	19.1078	17.4966	17.0058	16.5195	18.3319	16.5983	0.7540	0.0000	19.0000	0.0000	0.0000	-0.7405
10.0000	4.0000	52.0000	869.0000	1.0018	0.9949	0.9917	0.9938	0.9916	19.0923	17.6109	17.0091	16.5577	18.2864	16.6754	0.7631	0.0000	19.0000	0.0000	0.0000	-0.7405
10.0000	4.0000	53.0000	74.0000	1.0009	0.9949	0.9921	0.9942	0.9914	19.0332	17.4430	16.9421	16.5003	18.3194	16.7036	0.7897	0.0000	19.0000	0.0000	0.0000	-0.7405
10.0000	4.0000	53.0000	283.0000	1.0027	0.9950	0.9910	0.9939	0.9926	18.9864	17.7461	16.9976	16.5042	18.3036	16.6615	0.7148	0.0000	19.0000	0.0000	0.0000	-0.7405
10.0000	4.0000	53.0000	470.0000	1.0021	0.9949	0.9914	0.9944	0.9927	18.9847	17.4903	17.1125	16.5501	18.3050	16.6610	0.7482	0.0000	19.0000	0.0000	0.0000	-0.7405
10.0000	4.0000	53.0000	686.0000	1.0012	0.9950	0.9930	0.9937	0.9921	19.0612	17.5496	16.9579	16.6252	18.0752	16.6495	0.7125	0.0000	19.0000	0.0000	0.0000	-0.7405
10.0000	4.0000	53.0000	886.0000	1.0022	0.9950	0.9931	0.9938	0.9919	18.9902	17.6664	16.9637	16.6247	18.2342	16.7979	0.7626	0.0000	19.0000	0.0000	0.0000	-0.7405
10.0000	9.0000	35.0000	167.0000	0.9921	1.1677	0.9961	1.1631	1.0351	35.3211	489.6774	446.6413	56.2801	408.2448	16.9808	21.0857	36000.0000	391.6000	1.2043	0.0000	2.0458
10.0000	9.0000	35.0000	367.0000	0.9917	1.1686	1.0010	1.1631	1.0252	35.5237	489.2543	446.6025	67.0316	408.0834	16.9664	21.1788	36000.0000	391.6000	1.2043	0.0000	2.0458
10.0000	9.0000	35.0000	565.0000	0.9904	1.1707	0.9956	1.1641	1.0251	35.2676	489.9199	446.6638	55.6644	408.0704	17.3322	21.2170	36000.0000	391.6000	1.2043	0.0000	2.0458
10.0000	9.0000	35.0000	771.0000	0.9917	1.1673	0.9981	1.1640	1.0256	35.4496	490.0220	446.5269	55.6582	409.0029	16.8678	21.0965	36000.0000	391.6000	1.2043	0.0000	2.0458
10.0000	9.0000	35.0000	966.0000	0.9914	1.1646	0.9977	1.1644	1.0260	35.3620	490.5236	446.4412	55.6587	409.7735	16.9334	21.2533	36000.0000	391.6000	1.2043	0.0000	2.0458
10.0000	9.0000	36.0000	169.0000	0.9914	1.1670	0.9978	1.1634	1.0223	35.3399	490.4138	446.9276	55.5037	409.8970	16.9727	21.1559	36000.0000	391.6000	1.2043	0.0000	2.0458
10.0000	9.0000	36.0000	370.0000	0.9919	1.1679	0.9965	1.1677	1.0255	35.3441	490.3481	446.0247	58.3021	409.8922	16.9961	21.6108	36000.0000	391.6000	1.2043	0.0000	2.0458
10.0000	9.0000	36.0000	572.0000	0.9914	1.1679	0.9978	1.1686	1.0249	35.3301	490.0258	445.6546	56.2064	410.0723	16.9669	21.5769	36000.0000	391.6000	1.2043	0.0000	2.0458
10.0000	9.0000	36.0000	765.0000	0.9920	1.1680	0.9993	1.1655	1.0114	35.3670	489.6991	448.1207	56.5766	410.5301	16.9238	21.8219	36000.0000	391.6000	1.2043	0.0000	2.0458
10.0000	9.0000	36.0000	963.0000	0.9920	1.1686	0.9984	1.1636	1.0212	35.3238	489.5127	448.2236	56.5833	411.0373	16.9693	22.0539	36000.0000	391.6000	1.2043	0.0000	2.0458
10.0000	9.0000	37.0000	168.0000	0.9917	1.1687	0.9979	1.1652	1.0244	35.4003	489.1152	446.8716	56.5489	410.9219	17.1259	22.0609	36000.0000	391.6000	1.2043	0.0000	2.0458
10.0000	9.0000	37.0000	366.0000	0.9919	1.1678	0.9975	1.1608	1.0252	35.3928	490.0341	447.7022	57.1770	410.9956	16.8472	22.5416	36000.0000	391.6000	1.2043	0.0000	2.0458
10.0000	9.0000	37.0000	570.0000	0.9907	1.1682	0.9982	1.1643	1.0281	35.4301	489.6359	447.6907	57.8170	410.8635	16.9267	23.5449	36000.0000	391.6000	1.2043	0.0000	2.0458
10.0000	9.0000	37.0000	763.0000	0.9945	1.1653	0.9982	1.1651	1.0248	35.4209	490.5057	447.0808	58.0208	411.1144	16.7036	26.6626	36000.0000	391.6000	1.2043	0.0000	2.0458
10.0000	9.0000	37.0000	969.0000	0.9930	1.1721	0.9925	1.1641	1.0254	35.3928	490.6959	446.9611	57.8065	411.4291	17.0383	31.3397	36000.0000	391.6000	1.2043	0.0000	2.0458
10.0000	9.0000	38.0000	164.0000	0.9912	1.1682	0.9975	1.1668	1.0264	35.4307	490.7310	446.7390	59.3076	411.3141	16.9554	32.9577	36000.0000	391.6000	1.2043	0.0000	2.0458
10.0000	9.0000	38.0000	360.0000	0.9915	1.1687	0.9973	1.1644	1.0211	35.4178	490.7909	447.2158	57.9567	411.3840	17.0177	25.1334	36000.0000	391.6000	1.2043	0.0000	2.0458
10.0000	9.0000	38.0000	571.0000	0.9916	1.1685	0.9970	1.1643	1.0247	35.2435	490.7750	446.9195	58.1739	411.4209	17.0172	26.3338	36000.0000	391.6000	1.2043	0.0000	2.0458
10.0000	9.0000	38.0000	759.0000	0.9918	1.1689	0.9981	1.1659	1.0230	35.4547	491.3723	445.6632	58.3198	411.5129	16.6912	28.4960	36000.0000	396.2000	1.2043	0.0000	2.0458
10.0000	9.0000	38.0000	968.0000	0.9919	1.1689	0.9976	1.1680	1.0243	35.4310	490.7903	445.9625	58.4786	411.6106	16.8649	23.3392	36000.0000	396.2000	1.2043	0.0000	2.0458
10.0000	11.0000	35.0000	291.0000	0.9803	1.3309	1.0059	1.3222	1.0548	52.0196	472.6517	456.9598	64.6882	401.8005	17.0493	38.1425	49000.0000	350.2000	1.4973	7.0000	2.7235
10.0000	11.0000	35.0000	503.0000	0.9833	1.3256	1.0059	1.3254	1.0579	51.5882	472.3793	457.0623	65.4736	401.7124	16.9052	38.4336	49000.0000	350.2000	1.4973	7.0000	2.7235
10.0000	11.0000	35.0000	703.0000	0.9801	1.3327	1.0044	1.3230	1.0565	51.7633	474.5834	456.9603	68.2012	401.6334	16.9937	38.8907	49000.0000	350.2000	1.4973	7.0000	2.7235
10.0000	11.0000	35.0000	900.0000	0.9821	1.3349	1.0033	1.3257	1.0573	51.5341	474.6613	456.9359	65.3244	401.6837	17.3054	39.2274	49000.0000	350.2000	1.4973	7.0000	2.7235
10.0000	11.0000	36.0000	101.0000	0.9769	1.3305	1.0058	1.3257	1.0617	51.6211	474.7110	456.1828	65.3311	401.7052	17.1934	39.7205	49000.0000	350.2000	1.4973	7.0000	2.7235
10.0000	11.0000	38.0000	306.0000	0.9802	1.3332	1.0076	1.3277	1.0574	51.8300	472.9498	456.6371	65.3478	402.4748	17.0526	50.1660	49000.0000	350.2000	1.4973	7.0000	2.7235
10.0000	11.0000	38.0000	510.0000	0.9814	1.3326	1.0054	1.3280	1.0578	51.6109	473.5005	456.5088	65.2014	402.4274	16.9765	48.6331	49000.0000	350.2000	1.4973	7.0000	2.7235
10.0000	11.0000	38.0000	707.0000	0.9833	1.3285	1.0042	1.3273	1.0572	51.5213	473.9638	456.5361	65.4727	402.4557	17.0507	43.6589	49000.0000	350.2000	1.4973	7.0000	2.7235
10.0000	11.0000	38.0000	904.0000	0.9800	1.3302	1.0053	1.3271	1.0572	51.5362	474.3045	456.6438	65.4980	402.3905	17.1359	44.6482	49000.0000	354.8000	1.4973	7.0000	2.7235
10.0000	11.0000	39.0000	102.0000	0.9807	1.3325	1.0041	1.3301	1.0584	51.5159	474.7047	456.0492	65.1723	402.5026	17.0521	46.0186	49000.0000	354.8000	1.4973	7.0000	2.7235
10.0000	12.0000	26.0000	350.0000	0.9625	1.5702	1.0203	1.5573	1.0967	67.6423	442.7560	429.4169	68.2792	385.2167	17.1182	60.3956	61000.0000	336.4000	1.8553	15.0000	3.5519
10.0000	12.0000	26.0000	549.0000	0.9649	1.5706	1.0105	1.5579	1.0974	67.7620	443.0234	429.4179	68.2093	385.3360	16.8592	55.7529	61000.0000	336.4000	1.8553	15.0000	3.5519
10.0000	12.0000	26.0000	768.0000	0.9622	1.5658	1.0162	1.5584	1.0967	67.9351	443.7516	428.7553	80.4496	385.4327	17.1000	55.6014	61000.0000	336.4000	1.8553	15.0000	3.5519
10.0000	12.0000	26.0000	964.0000	0.9619	1.5639	1.0165	1.5524	1.0968	68.0439	443.4472	428.3670	71.2503	385.5170	17.0464	58.6896	61000.0000	336.4000	1.8553	15.0000	3.5519
10.0000	12.0000	27.0000	164.0000	0.9626	1.5645	1.0183	1.5515	1.0968	68.0890	443.3872	427.7614	68.2218	385.0395	16.6825	54.4886	61000.0000	336.4000	1.8553	15.0000	3.5519
10.0000	12.0000	29.0000	363.0000	0.9613	1.5689	1.0185	1.5585	1.0970	68.3596	442.5869	428.1463	69.6918	384.3715	16.8755	48.1460	61000.0000	336.4000	1.8553	15.0000	3.5519
10.0000	12.0000	29.0000	562.0000	0.9616	1.5727	1.0158	1.5587	1.0967	67.8600	443.2959	428.1348	70.1443	384.2158	16.8041	52.2380	61000.0000	336.4000	1.8553	15.0000	3.5519
10.0000	12.0000	29.0000	752.0000	0.9617	1.5702	1.0176	1.5516	1.0991	68.1962	443.8913	428.0438	69.7965	384.3250	16.9736	51.3769	61000.0000	336.4000	1.8553	15.0000	3.5519
10.0000	12.0000	29.0000	954.0000	0.9615	1.5703	1.0172	1.5581	1.0950	68.2709	443.3368	428.6260	69.9238	384.5333	16.7151	53.8840	61000.0000	336.4000	1.8553	15.0000	3.5519
10.0000	12.0000	30.0000	161.0000	0.9609	1.5694	1.0186	1.5578	1.0955	68.3119	443.5620	429.3250	71.1857	384.3020	16.8874	53.0240	61000.0000	336.4000	1.8553	15.0000	3.5519
10.0000	12.0000	30.0000	367.0000	0.9615	1.5703	1.0162	1.5583	1.0982	68.3522	443.1536	429.0942	72.1941	384.5309	16.7046	52.2659	61000.0000	336.4000	1.8553	15.0000	3.5519
10.0000	12.0000	30.0000	565.0000	0.9581	1.5671	1.0148	1.5594	1.0995	68.3346	443.7630	429.1565	69.5774	384.5252	16.7462	50.7264	61000.0000	336.4000	1.8553	15.0000	3.5519
10.0000	12.0000	30.0000	764.0000	0.9620	1.5676	1.0234	1.5576	1.0963	68.5557	443.1900	429.1574	69.4425	384.5669	16.7864	51.7466	61000.0000	336.4000	1.8553	15.0000	3.5519
10.0000	12.0000	30.0000	954.0000	0.9602	1.5677	1.0163	1.5565	1.1081	68.3887	443.7496	429.0487	69.5612	384.4601	16.8089	56.2010	61000.0000	336.4000	1.8553	15.0000	3.5519
10.0000	12.0000	31.0000	165.0000	0.9635	1.5691	1.0179	1.5588	1.1002	68.4042	443.9104	428.6662	73.4517	384.5544	16.7376	55.1585	61000.0000	336.4000	1.8553	15.0000	3.5519
10.0000	12.0000	31.0000	361.0000	0.9612	1.5723	1.0181	1.5607	1.1054	68.4409	444.0425	428.8807	82.2946	384.4409	16.7548	53.0514	61000.0000	336.4000	1.8553	15.0000	3.5519
10.0000	12.0000	31.0000	568.0000	0.9615	1.5722	1.0167	1.5585	1.0994	68.5192	444.2557	428.3493	82.5299	384.5549	16.7936	54.7447	61000.0000	336.4000	1.8553	15.0000	3.5519
10.0000	12.0000	31.0000	761.0000	0.9638	1.5694	1.0178	1.5610	1.0995	68.3849	444.1191	428.6557	73.3340	384.5922	16.8056	56.0471	61000.0000	336.4000	1.8553	15.0000	3.5519
10.0000	12.0000	31.0000	968.0000	0.9623	1.5717	1.0176	1.5629	1.0932	68.4040	444.4376	429.3307	70.0922	384.1684	17.4016	52.9389	61000.0000	336.4000	1.8553	15.0000	3.5519
10.0000	12.0000	32.0000	166.0000	0.9614	1.5712	1.0163	1.5607	1.1000	68.4464	445.6328	429.5773	81.6124	384.3734	16.9770	53.6741	61000.0000	336.4000	1.8553	15.0000	3.5519
10.0000	12.0000	32.0000	365.0000	0.9622	1.5704	1.0168	1.5614	1.1003	68.4250	445.8147	429.1775	70.4179	384.3638	16.7936	52.1961	61000.0000	336.4000	1.8553	15.0000	3.5519
10.0000	12.0000	32.0000	565.0000	0.9617	1.5727	1.0251	1.5572	1.0987	68.7071	446.1031	429.0775	69.7630	384.4443	17.0239	54.0332	61500.0000	336.4000	1.8553	15.0000	3.5519
10.0000	12.0000	32.0000	754.0000	0.9615	1.5708	1.0179	1.5605	1.0981	68.4412	445.3973	429.1708	81.7607	384.3111	16.9272	54.1787	61500.0000	336.4000	1.8553	15.0000	3.5519
10.0000	12.0000	32.0000	955.0000	0.9618	1.5715	1.0185	1.5627	1.1017	68.4833	445.5345	429.5222	70.2400	384.3217	16.9042	55.3571	61500.0000	336.4000	1.8553	15.0000	3.5519
10.0000	12.0000	33.0000	154.0000	0.9594	1.5701	1.0172	1.5605	1.1013	68.5903	444.7841	427.9826	70.1687	384.2651	16.7630	54.9090	61500.0000	336.4000	1.8553	15.0000	3.5519
10.0000	13.0000	24.0000	424.0000	0.9436	1.7912	1.0282	1.7866	1.1326	84.8903	486.2072	377.0063	78.3395	380.7351	16.9669	81.6206	70000.0000	345.6000	2.0831	20.0000	4.0790
10.0000	13.0000	24.0000	613.0000	0.9438	1.7928	1.0300	1.7795	1.1341	85.0185	486.1236	376.1020	78.6294	380.8208	17.3111	81.9146	70000.0000	345.6000	2.0831	20.0000	4.0790
10.0000	13.0000	24.0000	823.0000	0.9472	1.7901	1.0280	1.7831	1.1348	84.8505	485.5856	376.5515	78.5447	380.6709	17.0847	81.7721	70000.0000	345.6000	2.0831	20.0000	4.0790
10.0000	13.0000	25.0000	10.0000	0.9436	1.7950	1.0282	1.7848	1.1328	85.0646	486.2474	375.8075	78.2893	380.8582	17.0038	79.6254	70000.0000	345.6000	2.0831	20.0000	4.0790
10.0000	13.0000	25.0000	210.0000	0.9434	1.7954	1.0344	1.7857	1.1350	85.0852	485.1791	376.5161	88.8538	380.6125	17.0019	84.6574	70000.0000	345.6000	2.0831	20.0000	4.0790
10.0000	13.0000	25.0000	425.0000	0.9465	1.7926	1.0279	1.7867	1.1340	84.8438	486.0604	376.3691	80.2529	380.7691	17.0038	80.2118	70000.0000	345.6000	2.0831	20.0000	4.0790
10.0000	13.0000	25.0000	611.0000	0.9416	1.7935	1.0305	1.7852	1.1306	84.8547	486.3201	376.5147	86.3893	380.4463	16.9324	79.3298	70000.0000	345.6000	2.0831	20.0000	4.0790
10.0000	13.0000	25.0000	826.0000	0.9475	1.7951	1.0261	1.7825	1.1344	84.8186	486.2518	376.3461	78.5002	380.7581	17.1584	78.0642	70000.0000	345.6000	2.0831	20.0000	4.0790
10.0000	13.0000	26.0000	20.0000	0.9446	1.7953	1.0390	1.7837	1.1331	85.0737	485.4542	376.2518	78.1984	380.8026	16.9478	87.2726	70000.0000	345.6000	2.0831	20.0000	4.0790
10.0000	13.0000	26.0000	222.0000	0.9455	1.7899	1.0259	1.7858	1.1348	84.9514	486.3233	376.2600	78.2721	380.8821	16.9722	84.1917	70000.0000	345.6000	2.0831	20.0000	4.0790
10.0000	13.0000	26.0000	422.0000	0.9434	1.7983	1.0244	1.7862	1.1348	84.6185	486.7923	376.0953	78.6509	380.7403	17.0344	82.2563	70000.0000	345.6000	2.0831	20.0000	4.0790
10.0000	13.0000	26.0000	616.0000	0.9435	1.7977	1.0280	1.7873	1.1392	84.9436	487.1548	376.5491	78.2104	381.0569	17.0205	79.4331	70000.0000	345.6000	2.0831	20.0000	4.0790
10.0000	13.0000	26.0000	826.0000	0.9460	1.7993	1.0318	1.7896	1.1343	84.9161	487.2576	376.0340	78.6414	381.0057	17.0253	76.0133	70000.0000	345.6000	2.0831	20.0000	4.0790
10.0000	13.0000	27.0000	25.0000	0.9449	1.7931	1.0291	1.7891	1.1337	84.9591	487.2333	376.1240	87.6015	381.0574	17.0090	77.2176	70000.0000	345.6000	2.0831	20.0000	4.0790
10.0000	13.0000	27.0000	215.0000	0.9424	1.7944	1.0300	1.7857	1.1384	85.1059	487.3533	376.9316	78.5356	381.0176	16.9439	74.3582	70000.0000	345.6000	2.0831	20.0000	4.0790
10.0000	13.0000	27.0000	424.0000	0.9445	1.8002	1.0318	1.7870	1.1355	84.7360	485.3514	376.5683	78.8236	381.3543	17.0110	71.6436	70000.0000	345.6000	2.0831	20.0000	4.0790
10.0000	13.0000	27.0000	629.0000	0.9431	1.7963	1.0288	1.7853	1.1377	85.2490	484.2570	377.0001	82.9361	381.5440	17.0253	73.7575	70000.0000	345.6000	2.0831	20.0000	4.0790
10.0000	13.0000	27.0000	828.0000	0.9399	1.7957	1.0292	1.7863	1.1414	85.2519	484.1938	376.7679	78.8743	381.5090	16.9104	71.2141	70000.0000	345.6000	2.0831	20.0000	4.0790
10.0000	13.0000	28.0000	27.0000	0.9437	1.7952	1.0278	1.7879	1.1343	85.1921	484.1804	377.3592	90.4687	381.3677	17.0598	71.5763	70000.0000	345.6000	2.0831	20.0000	4.0790
10.0000	13.0000	28.0000	216.0000	0.9429	1.7983	1.0339	1.7870	1.1339	85.3647	483.4166	376.7976	80.2439	381.4554	16.9119	71.1600	70000.0000	345.6000	2.0831	20.0000	4.0790
10.0000	13.0000	28.0000	416.0000	0.9428	1.7957	1.0292	1.7868	1.1383	85.4122	484.8256	377.0753	81.6942	381.3098	16.9822	70.2550	70000.0000	345.6000	2.0831	20.0000	4.0790
10.0000	13.0000	28.0000	616.0000	0.9419	1.7956	1.0273	1.7888	1.1342	85.4277	485.2857	376.3543	91.0088	381.0952	16.9425	67.4909	70000.0000	345.6000	2.0831	20.0000	4.0790
10.0000	13.0000	28.0000	825.0000	0.9462	1.7920	1.0296	1.7871	1.1330	85.4153	485.5269	376.3758	80.3936	381.1216	16.8262	67.2775	70000.0000	345.6000	2.0831	20.0000	4.0790
10.0000	13.0000	29.0000	15.0000	0.9434	1.7980	1.0288	1.7903	1.1303	85.4400	485.4637	376.8895	80.8040	381.0871	16.9760	66.9033	70000.0000	345.6000	2.0831	20.0000	4.0790
10.0000	13.0000	29.0000	230.0000	0.9393	1.7995	1.0281	1.7910	1.1454	85.4833	485.3457	376.3007	80.7686	381.0267	16.8027	67.6069	70000.0000	345.6000	2.0831	20.0000	4.0790
10.0000	14.0000	9.0000	270.0000	0.9211	2.0918	1.0434	2.0826	1.1901	105.6973	529.4152	383.2334	99.3203	401.7483	17.0296	88.0507	79000.0000	345.6000	2.3761	27.0000	4.7568
10.0000	14.0000	9.0000	468.0000	0.9212	2.0993	1.0381	2.0844	1.1903	105.6769	529.4802	382.9873	94.7802	401.5788	16.8410	92.0177	79000.0000	345.6000	2.3761	27.0000	4.7568
10.0000	14.0000	9.0000	663.0000	0.9191	2.0999	1.0488	2.0837	1.1917	105.6620	529.3316	382.8940	94.6678	401.5960	16.9827	87.1911	79000.0000	345.6000	2.3761	27.0000	4.7568
10.0000	14.0000	9.0000	877.0000	0.9186	2.1012	1.0481	2.0899	1.1961	105.7195	529.6596	383.5623	103.1380	401.5716	16.9851	89.4639	79000.0000	345.6000	2.3761	27.0000	4.7568
10.0000	14.0000	10.0000	66.0000	0.9216	2.0929	1.0463	2.0831	1.1882	105.7216	529.6774	382.9040	94.1578	401.8206	17.0833	94.7097	79000.0000	345.6000	2.3761	27.0000	4.7568
10.0000	14.0000	10.0000	271.0000	0.9181	2.1012	1.0466	2.0890	1.1835	105.7352	530.2237	383.3957	94.2124	401.8288	17.2283	94.2148	79000.0000	345.6000	2.3761	27.0000	4.7568
10.0000	14.0000	10.0000	479.0000	0.9211	2.0972	1.0450	2.0859	1.1915	105.7191	530.2205	383.0960	93.7842	402.2119	17.0402	93.7207	79000.0000	345.6000	2.3761	27.0000	4.7568
10.0000	14.0000	10.0000	668.0000	0.9188	2.0964	1.0453	2.0852	1.1851	105.7128	530.8918	383.6279	94.2057	402.1899	17.0248	93.5601	79000.0000	345.6000	2.3761	27.0000	4.7568
10.0000	14.0000	10.0000	864.0000	0.9211	2.0964	1.0443	2.0830	1.1890	105.8126	530.3009	383.0103	97.5370	402.3077	16.9803	92.4641	79000.0000	345.6000	2.3761	27.0000	4.7568
10.0000	14.0000	11.0000	69.0000	0.9187	2.0988	1.0495	2.0825	1.1913	106.0853	529.2665	383.1046	94.3181	402.1980	17.0272	91.2028	79000.0000	345.6000	2.3761	27.0000	4.7568
10.0000	14.0000	11.0000	266.0000	0.9231	2.0985	1.0350	2.0801	1.1904	105.6988	529.8357	383.1894	94.0722	402.2081	17.1359	93.6589	79000.0000	345.6000	2.3761	27.0000	4.7568
10.0000	14.0000	11.0000	476.0000	0.9179	2.0995	1.0475	2.0780	1.1908	106.1383	529.2767	383.1578	94.4640	402.4006	17.0435	96.4306	79000.0000	345.6000	2.3761	27.0000	4.7568
10.0000	14.0000	11.0000	664.0000	0.9180	2.0953	1.0447	2.0812	1.1929	105.9051	528.7611	383.8232	94.8189	402.5366	17.0009	82.9531	79000.0000	345.6000	2.3761	27.0000	4.7568
10.0000	14.0000	11.0000	878.0000	0.9211	2.0992	1.0387	2.0834	1.1929	105.8862	528.6953	383.3536	94.7850	402.5270	16.8094	87.2468	79000.0000	345.6000	2.3761	27.0000	4.7568
10.0000	14.0000	12.0000	75.0000	0.9207	2.0981	1.0481	2.0820	1.1898	105.9821	528.7802	383.3565	94.6998	402.3623	17.0023	99.4230	79000.0000	345.6000	2.3761	27.0000	4.7568
10.0000	14.0000	12.0000	270.0000	0.9188	2.0997	1.0501	2.0813	1.1924	105.9928	527.8843	383.4039	94.5257	402.5088	17.3030	85.5088	79000.0000	345.6000	2.3761	27.0000	4.7568
10.0000	14.0000	12.0000	477.0000	0.9186	2.0987	1.0475	2.0809	1.1917	106.2025	528.3673	383.3526	98.4162	402.4509	17.0272	89.8210	79000.0000	345.6000	2.3761	27.0000	4.7568
10.0000	14.0000	12.0000	678.0000	0.9215	2.1012	1.0616	2.0816	1.1899	105.6249	529.2346	383.3871	94.2636	402.4691	17.0100	97.8535	79000.0000	345.6000	2.3761	27.0000	4.7568
10.0000	14.0000	12.0000	882.0000	0.9219	2.0954	1.0375	2.0783	1.1893	105.9609	529.2288	383.2741	94.0885	402.6247	17.0359	92.0195	79000.0000	345.6000	2.3761	27.0000	4.7568
10.0000	14.0000	13.0000	79.0000	0.9182	2.0963	1.0440	2.0796	1.1898	106.2216	528.5064	383.2574	94.0426	402.4959	17.0655	95.7968	79000.0000	345.6000	2.3761	27.0000	4.7568
10.0000	14.0000	13.0000	279.0000	0.9153	2.0942	1.0452	2.0809	1.1947	106.0041	529.4317	383.2621	96.9275	402.6008	17.0852	84.1808	79000.0000	345.6000	2.3761	27.0000	4.7568
10.0000	14.0000	13.0000	480.0000	0.9184	2.0958	1.0464	2.0848	1.1858	106.0022	529.2154	383.7998	94.0153	402.8996	17.0014	87.5942	79000.0000	345.6000	2.3761	27.0000	4.7568
10.0000	14.0000	13.0000	675.0000	0.9183	2.0968	1.0462	2.0857	1.1897	106.0001	529.9327	383.2856	105.2567	402.9561	16.9640	95.6542	79000.0000	345.6000	2.3761	27.0000	4.7568
10.0000	14.0000	13.0000	877.0000	0.9119	2.0967	1.0469	2.0817	1.1912	106.0096	529.6628	383.3048	94.1751	402.7421	17.0019	94.0406	79000.0000	345.6000	2.3761	27.0000	4.7568
10.0000	14.0000	14.0000	67.0000	0.9184	2.0941	1.0459	2.0828	1.1887	106.0725	530.0890	382.0921	95.9330	403.6127	17.0153	93.6329	79000.0000	345.6000	2.3761	27.0000	4.7568
10.0000	15.0000	1.0000	306.0000	0.8841	2.5398	1.0831	2.5324	1.2930	133.9231	574.8675	420.6907	115.8227	438.5528	16.9396	117.7471	90000.0000	373.2000	2.9294	40.0000	6.0370
10.0000	15.0000	1.0000	518.0000	0.8813	2.5415	1.0826	2.5356	1.2956	133.9127	574.9275	421.2581	106.5927	438.7740	17.0569	115.9717	90000.0000	373.2000	2.9294	40.0000	6.0370
10.0000	15.0000	1.0000	710.0000	0.8827	2.5419	1.0848	2.5341	1.2895	134.3048	575.2791	419.8022	117.0267	438.7438	16.9114	118.5423	90000.0000	373.2000	2.9294	40.0000	6.0370
10.0000	15.0000	1.0000	917.0000	0.8819	2.5386	1.0883	2.5278	1.2907	134.4372	575.3027	420.0669	106.3942	438.7582	17.2274	127.0952	90000.0000	373.2000	2.9294	40.0000	6.0370
10.0000	15.0000	2.0000	116.0000	0.8821	2.5406	1.0824	2.5324	1.2929	134.3279	575.5075	420.8387	106.7740	438.6390	17.0967	130.8634	90000.0000	373.2000	2.9294	40.0000	6.0370
10.0000	15.0000	2.0000	311.0000	0.8816	2.5404	1.0828	2.5328	1.2952	134.2281	574.3493	421.5669	106.2053	438.7616	17.0459	125.2061	90000.0000	373.2000	2.9294	40.0000	6.0370
10.0000	15.0000	2.0000	508.0000	0.8758	2.5367	1.0853	2.5263	1.2940	134.2298	574.1757	421.5879	116.2450	438.5408	17.0181	127.4799	90000.0000	373.2000	2.9294	40.0000	6.0370
10.0000	15.0000	2.0000	712.0000	0.8855	2.5395	1.0849	2.5245	1.2900	133.8220	573.8516	420.9828	116.6803	438.6184	17.0186	128.8186	90000.0000	373.2000	2.9294	40.0000	6.0370
10.0000	15.0000	2.0000	921.0000	0.8824	2.5363	1.0891	2.5231	1.2891	134.7558	574.6639	419.7218	111.1022	438.7280	17.1043	126.8405	90000.0000	373.2000	2.9294	40.0000	6.0370
10.0000	15.0000	3.0000	107.0000	0.8829	2.5357	1.0928	2.5274	1.2895	134.6775	574.5133	419.4197	106.6492	438.6093	16.8841	125.0149	90000.0000	373.2000	2.9294	40.0000	6.0370
10.0000	15.0000	3.0000	308.0000	0.8828	2.5395	1.0829	2.5312	1.2906	134.8795	574.8681	419.1808	116.7435	439.0470	16.9928	124.7025	90000.0000	373.2000	2.9294	40.0000	6.0370
10.0000	15.0000	3.0000	516.0000	0.8767	2.5395	1.0812	2.5318	1.2888	134.5144	574.4974	421.0522	106.8544	439.3722	17.0143	115.9217	90000.0000	373.2000	2.9294	40.0000	6.0370
10.0000	15.0000	3.0000	708.0000	0.8852	2.5422	1.0910	2.5303	1.2921	134.0590	574.4393	420.8832	108.6349	439.4943	17.0904	117.2755	90000.0000	373.2000	2.9294	40.0000	6.0370
10.0000	15.0000	3.0000	916.0000	0.8818	2.5385	1.0806	2.5304	1.2893	134.7017	575.0513	419.6935	106.7965	439.7338	17.0497	116.8078	90000.0000	373.2000	2.9294	40.0000	6.0370
10.0000	15.0000	4.0000	108.0000	0.8823	2.5396	1.0915	2.5222	1.2908	134.7235	574.9026	420.2680	106.7147	439.4354	16.6419	117.2105	89500.0000	373.2000	2.9294	40.0000	6.0370
10.0000	15.0000	4.0000	310.0000	0.8825	2.5461	1.0831	2.5284	1.2907	134.6597	573.1394	420.9694	106.9907	439.5010	17.0608	117.7124	89500.0000	373.2000	2.9294	40.0000	6.0370
10.0000	15.0000	4.0000	519.0000	0.8849	2.5405	1.0721	2.5278	1.2931	134.4940	574.4629	421.0307	111.6389	439.6892	17.0292	118.1139	89500.0000	373.2000	2.9294	40.0000	6.0370
10.0000	15.0000	4.0000	716.0000	0.8844	2.5346	1.0790	2.5283	1.2897	134.5035	574.5701	420.8947	106.8965	439.5652	17.0564	118.7339	89500.0000	373.2000	2.9294	40.0000	6.0370
10.0000	15.0000	4.0000	922.0000	0.8845	2.5393	1.0782	2.5252	1.2886	134.4074	574.4744	420.9191	106.9879	439.7213	17.0330	124.1615	89500.0000	373.2000	2.9294	40.0000	6.0370
10.0000	15.0000	5.0000	124.0000	0.8843	2.5429	1.0838	2.5297	1.2917	134.2704	574.5159	420.8526	109.2357	439.5671	17.0229	128.6176	89500.0000	373.2000	2.9294	40.0000	6.0370
10.0000	15.0000	5.0000	312.0000	0.8827	2.5429	1.0934	2.5210	1.2918	134.8319	574.7788	420.7171	106.4406	439.8501	17.1383	127.4866	90000.0000	373.2000	2.9294	40.0000	6.0370
10.0000	15.0000	5.0000	513.0000	0.8844	2.5385	1.0782	2.5336	1.2960	134.6075	574.1751	420.8880	106.4268	439.8219	17.0957	127.4779	90000.0000	373.2000	2.9294	40.0000	6.0370
10.0000	15.0000	5.0000	724.0000	0.8822	2.5456	1.0914	2.5279	1.2924	134.7744	574.1387	421.4764	106.4837	439.8750	17.0569	124.7728	90000.0000	373.2000	2.9294	40.0000	6.0370
10.0000	15.0000	5.0000	913.0000	0.8807	2.5484	1.0815	2.5402	1.2957	134.7511	573.9932	422.1064	106.4004	439.8439	17.1043	123.4317	90000.0000	373.2000	2.9294	40.0000	6.0370
10.0000	15.0000	6.0000	113.0000	0.8846	2.5518	1.0665	2.5402	1.2935	134.7096	573.9320	421.6554	106.1909	439.8444	17.0708	126.2740	90000.0000	373.2000	2.9294	40.0000	6.0370
10.0000	15.0000	38.0000	354.0000	0.8455	3.0182	1.1174	3.0058	1.4055	164.7477	661.8725	480.8326	125.8882	486.5245	17.2867	168.8231	99500.0000	437.6000	3.8408	60.0000	8.1455
10.0000	15.0000	38.0000	562.0000	0.8361	3.0222	1.1199	3.0102	1.4041	164.8641	661.8865	482.0419	123.1956	486.3296	17.3183	170.1646	99500.0000	437.6000	3.8082	60.0000	8.0702
10.0000	15.0000	38.0000	764.0000	0.8386	3.0292	1.1196	3.0245	1.4036	164.8801	661.7104	481.7360	124.1260	486.6600	17.0617	171.7378	99500.0000	437.6000	3.8082	60.0000	8.0702
10.0000	15.0000	38.0000	951.0000	0.8442	3.0335	1.1051	3.0193	1.4028	164.8331	661.9439	481.2721	123.5429	487.5556	16.9703	172.1407	99500.0000	437.6000	3.8082	60.0000	8.0702
10.0000	15.0000	39.0000	151.0000	0.8435	3.0322	1.1207	3.0203	1.4000	164.9959	662.0786	481.1553	124.0016	487.7692	16.8836	172.6111	99500.0000	437.6000	3.8408	61.0000	8.1455
10.0000	15.0000	39.0000	356.0000	0.8425	3.0319	1.1208	3.0216	1.3955	165.1852	661.8763	482.8146	123.9633	487.8223	17.2853	169.7415	99500.0000	437.6000	3.8408	61.0000	8.1455
10.0000	15.0000	39.0000	565.0000	0.8447	3.0119	1.1169	3.0122	1.4014	165.0674	661.4870	483.4657	124.9889	487.7083	17.2657	171.3605	99500.0000	437.6000	3.8408	61.0000	8.1455
10.0000	15.0000	39.0000	754.0000	0.8421	3.0219	1.1276	3.0020	1.3968	165.3054	662.1820	482.7424	127.8830	487.9780	17.3437	167.6305	99500.0000	437.6000	3.8408	61.0000	8.1455
10.0000	15.0000	39.0000	965.0000	0.8458	3.0208	1.1090	3.0086	1.4119	165.2595	664.1028	483.0674	127.6558	489.0086	17.1512	168.4821	99500.0000	437.6000	3.8408	61.0000	8.1455
10.0000	15.0000	40.0000	162.0000	0.8432	3.0206	1.1315	3.0002	1.3924	165.8385	664.8035	483.0607	127.9098	489.1106	17.1819	169.0047	99500.0000	437.6000	3.8408	61.0000	8.1455
10.0000	15.0000	40.0000	356.0000	0.8479	3.0223	1.1213	3.0068	1.4012	165.4881	663.6899	483.3700	128.2121	489.4195	17.1397	169.1050	99500.0000	437.6000	3.8082	60.0000	8.0702
10.0000	15.0000	40.0000	565.0000	0.8471	3.0229	1.1223	3.0067	1.3981	165.7689	663.3753	483.5940	129.1090	489.4003	17.1972	170.3126	99500.0000	437.6000	3.8082	60.0000	8.0702
10.0000	15.0000	40.0000	765.0000	0.8430	3.0195	1.1287	3.0073	1.3987	165.8820	665.4097	481.2362	130.8469	489.1101	17.4911	172.6383	99500.0000	437.6000	3.8082	60.0000	8.0702
10.0000	15.0000	40.0000	954.0000	0.8448	3.0195	1.1267	3.0008	1.3942	165.7687	664.2553	483.5663	130.8962	489.7121	17.6491	162.0438	99500.0000	437.6000	3.8082	60.0000	8.0702
10.0000	15.0000	41.0000	165.0000	0.8460	3.0149	1.1209	2.9988	1.4057	165.4824	664.7141	483.6534	131.0349	490.0579	17.6764	162.5404	99500.0000	437.6000	3.8082	60.0000	8.0702
10.0000	15.0000	41.0000	356.0000	0.8436	3.0117	1.1199	3.0021	1.3879	165.7041	665.7103	484.1393	131.6663	489.8290	17.2633	163.5154	99500.0000	437.6000	3.8082	60.0000	8.0702
10.0000	15.0000	41.0000	567.0000	0.8501	3.0189	1.1220	3.0024	1.4014	165.6871	662.9452	484.0120	131.9581	489.9305	17.2580	169.7318	99500.0000	437.6000	3.8082	60.0000	8.0702
10.0000	15.0000	41.0000	755.0000	0.8469	3.0186	1.1243	3.0005	1.3988	165.7305	663.5310	484.0479	133.6778	489.9750	17.2934	173.0480	99500.0000	437.6000	3.8082	60.0000	8.0702
10.0000	15.0000	41.0000	967.0000	0.8433	3.0174	1.1233	3.0059	1.3946	165.8107	665.2253	482.8544	133.9926	490.0732	17.4744	165.8510	99500.0000	437.6000	3.8082	60.0000	8.0702
10.0000	15.0000	42.0000	156.0000	0.8480	3.0220	1.1210	3.0073	1.3982	165.6013	662.9867	484.1661	133.7663	489.9128	17.4011	167.5653	99500.0000	437.6000	3.8082	60.0000	8.0702
10.0000	15.0000	42.0000	358.0000	0.8477	3.0232	1.1213	3.0091	1.3997	164.9552	663.9190	483.4375	133.8644	490.0742	17.2767	165.2278	99500.0000	437.6000	3.8082	60.0000	8.0702
10.0000	15.0000	42.0000	570.0000	0.8422	3.0186	1.1227	3.0093	1.4014	165.5812	665.2004	483.1091	142.8967	489.8069	17.2264	166.0933	99500.0000	437.6000	3.8082	60.0000	8.0702
10.0000	15.0000	42.0000	756.0000	0.8359	3.0132	1.1198	3.0046	1.4003	165.5745	664.6612	483.2757	134.5967	489.4803	17.3466	158.2477	99500.0000	437.6000	3.8082	60.0000	8.0702
10.0000	15.0000	42.0000	970.0000	0.8460	3.0178	1.1267	3.0047	1.3957	164.7106	664.0205	482.9176	140.8628	490.1000	17.3844	160.4153	99500.0000	437.6000	3.8082	60.0000	8.0702
10.0000	15.0000	43.0000	168.0000	0.8461	3.0207	1.1094	3.0057	1.4046	165.5294	663.8941	482.7079	145.1799	489.9746	16.9928	164.8904	99500.0000	437.6000	3.8082	60.0000	8.0702
