J 	 kT 	 kQ 	 kP 	 etaP 
1.000000e-03 	 3.185392e-01 	 2.607663e-02 	 1.638443e-01 	 1.944158e-03 
2.428980e-03 	 3.182682e-01 	 2.608195e-02 	 1.638777e-01 	 4.717340e-03 
3.857960e-03 	 3.179974e-01 	 2.608733e-02 	 1.639115e-01 	 7.484654e-03 
5.286940e-03 	 3.177264e-01 	 2.609268e-02 	 1.639452e-01 	 1.024611e-02 
6.715920e-03 	 3.174542e-01 	 2.609795e-02 	 1.639782e-01 	 1.300171e-02 
8.144900e-03 	 3.171823e-01 	 2.610320e-02 	 1.640113e-01 	 1.575147e-02 
9.573880e-03 	 3.169101e-01 	 2.610844e-02 	 1.640441e-01 	 1.849538e-02 
1.100286e-02 	 3.166374e-01 	 2.611362e-02 	 1.640767e-01 	 2.123347e-02 
1.243184e-02 	 3.163636e-01 	 2.611871e-02 	 1.641087e-01 	 2.396571e-02 
1.386082e-02 	 3.160900e-01 	 2.612381e-02 	 1.641407e-01 	 2.669214e-02 
1.528980e-02 	 3.158161e-01 	 2.612886e-02 	 1.641725e-01 	 2.941275e-02 
1.671878e-02 	 3.155417e-01 	 2.613387e-02 	 1.642040e-01 	 3.212756e-02 
1.814776e-02 	 3.152669e-01 	 2.613884e-02 	 1.642352e-01 	 3.483656e-02 
1.957674e-02 	 3.149914e-01 	 2.614376e-02 	 1.642661e-01 	 3.753973e-02 
2.100572e-02 	 3.147160e-01 	 2.614865e-02 	 1.642968e-01 	 4.023716e-02 
2.243470e-02 	 3.144392e-01 	 2.615344e-02 	 1.643269e-01 	 4.292875e-02 
2.386368e-02 	 3.141629e-01 	 2.615824e-02 	 1.643570e-01 	 4.561462e-02 
2.529266e-02 	 3.138861e-01 	 2.616299e-02 	 1.643869e-01 	 4.829469e-02 
2.672164e-02 	 3.136088e-01 	 2.616769e-02 	 1.644165e-01 	 5.096899e-02 
2.815062e-02 	 3.133304e-01 	 2.617231e-02 	 1.644455e-01 	 5.363750e-02 
2.957960e-02 	 3.130523e-01 	 2.617693e-02 	 1.644745e-01 	 5.630029e-02 
3.100858e-02 	 3.127767e-01 	 2.618178e-02 	 1.645050e-01 	 5.895725e-02 
3.243756e-02 	 3.124978e-01 	 2.618631e-02 	 1.645334e-01 	 6.160854e-02 
3.386654e-02 	 3.122194e-01 	 2.619088e-02 	 1.645622e-01 	 6.425407e-02 
3.529552e-02 	 3.119393e-01 	 2.619532e-02 	 1.645900e-01 	 6.689384e-02 
3.672450e-02 	 3.116603e-01 	 2.619980e-02 	 1.646182e-01 	 6.952797e-02 
3.815348e-02 	 3.113791e-01 	 2.620410e-02 	 1.646452e-01 	 7.215634e-02 
3.958246e-02 	 3.110990e-01 	 2.620849e-02 	 1.646728e-01 	 7.477898e-02 
4.101144e-02 	 3.108175e-01 	 2.621274e-02 	 1.646995e-01 	 7.739595e-02 
4.244042e-02 	 3.105366e-01 	 2.621703e-02 	 1.647265e-01 	 8.000719e-02 
4.386940e-02 	 3.102552e-01 	 2.622128e-02 	 1.647532e-01 	 8.261275e-02 
4.529838e-02 	 3.099722e-01 	 2.622538e-02 	 1.647789e-01 	 8.521256e-02 
4.672736e-02 	 3.096902e-01 	 2.622954e-02 	 1.648050e-01 	 8.780681e-02 
4.815634e-02 	 3.094075e-01 	 2.623363e-02 	 1.648308e-01 	 9.039532e-02 
4.958532e-02 	 3.091247e-01 	 2.623772e-02 	 1.648565e-01 	 9.297813e-02 
5.101430e-02 	 3.088402e-01 	 2.624164e-02 	 1.648811e-01 	 9.555533e-02 
5.244328e-02 	 3.085561e-01 	 2.624562e-02 	 1.649061e-01 	 9.812671e-02 
5.387226e-02 	 3.082719e-01 	 2.624953e-02 	 1.649307e-01 	 1.006926e-01 
5.530124e-02 	 3.079878e-01 	 2.625346e-02 	 1.649553e-01 	 1.032529e-01 
5.673022e-02 	 3.077021e-01 	 2.625721e-02 	 1.649789e-01 	 1.058075e-01 
5.815920e-02 	 3.074155e-01 	 2.626089e-02 	 1.650020e-01 	 1.083565e-01 
5.958818e-02 	 3.071281e-01 	 2.626451e-02 	 1.650248e-01 	 1.108998e-01 
6.101716e-02 	 3.068411e-01 	 2.626810e-02 	 1.650474e-01 	 1.134376e-01 
6.244614e-02 	 3.065529e-01 	 2.627162e-02 	 1.650695e-01 	 1.159696e-01 
6.387512e-02 	 3.062648e-01 	 2.627511e-02 	 1.650914e-01 	 1.184962e-01 
6.530410e-02 	 3.059760e-01 	 2.627853e-02 	 1.651129e-01 	 1.210171e-01 
6.673308e-02 	 3.056866e-01 	 2.628191e-02 	 1.651341e-01 	 1.235324e-01 
6.816206e-02 	 3.053972e-01 	 2.628524e-02 	 1.651550e-01 	 1.260422e-01 
6.959104e-02 	 3.051072e-01 	 2.628851e-02 	 1.651756e-01 	 1.285464e-01 
7.102002e-02 	 3.048167e-01 	 2.629174e-02 	 1.651959e-01 	 1.310450e-01 
7.244900e-02 	 3.045252e-01 	 2.629488e-02 	 1.652156e-01 	 1.335379e-01 
7.387798e-02 	 3.042335e-01 	 2.629799e-02 	 1.652352e-01 	 1.360253e-01 
7.530696e-02 	 3.039422e-01 	 2.630109e-02 	 1.652546e-01 	 1.385073e-01 
7.673594e-02 	 3.036497e-01 	 2.630409e-02 	 1.652735e-01 	 1.409836e-01 
7.816492e-02 	 3.033568e-01 	 2.630705e-02 	 1.652921e-01 	 1.434543e-01 
7.959390e-02 	 3.030640e-01 	 2.630997e-02 	 1.653104e-01 	 1.459197e-01 
8.102288e-02 	 3.027704e-01 	 2.631284e-02 	 1.653284e-01 	 1.483794e-01 
8.245186e-02 	 3.024765e-01 	 2.631565e-02 	 1.653461e-01 	 1.508336e-01 
8.388084e-02 	 3.021821e-01 	 2.631840e-02 	 1.653634e-01 	 1.532823e-01 
8.530982e-02 	 3.018872e-01 	 2.632112e-02 	 1.653805e-01 	 1.557254e-01 
8.673880e-02 	 3.015922e-01 	 2.632378e-02 	 1.653972e-01 	 1.581632e-01 
8.816778e-02 	 3.012959e-01 	 2.632633e-02 	 1.654132e-01 	 1.605953e-01 
8.959676e-02 	 3.009995e-01 	 2.632887e-02 	 1.654292e-01 	 1.630219e-01 
9.102574e-02 	 3.007031e-01 	 2.633136e-02 	 1.654448e-01 	 1.654432e-01 
9.245472e-02 	 3.004060e-01 	 2.633380e-02 	 1.654601e-01 	 1.678589e-01 
9.388370e-02 	 3.001084e-01 	 2.633618e-02 	 1.654751e-01 	 1.702690e-01 
9.531268e-02 	 2.998106e-01 	 2.633851e-02 	 1.654897e-01 	 1.726739e-01 
9.674166e-02 	 2.995123e-01 	 2.634077e-02 	 1.655040e-01 	 1.750732e-01 
9.817064e-02 	 2.992133e-01 	 2.634299e-02 	 1.655179e-01 	 1.774670e-01 
9.959962e-02 	 2.989136e-01 	 2.634511e-02 	 1.655312e-01 	 1.798554e-01 
1.010286e-01 	 2.986140e-01 	 2.634721e-02 	 1.655444e-01 	 1.822384e-01 
1.024576e-01 	 2.983139e-01 	 2.634926e-02 	 1.655573e-01 	 1.846160e-01 
1.038866e-01 	 2.980133e-01 	 2.635125e-02 	 1.655698e-01 	 1.869881e-01 
1.053155e-01 	 2.977123e-01 	 2.635318e-02 	 1.655819e-01 	 1.893548e-01 
1.067445e-01 	 2.974111e-01 	 2.635508e-02 	 1.655938e-01 	 1.917161e-01 
1.081735e-01 	 2.971092e-01 	 2.635689e-02 	 1.656053e-01 	 1.940720e-01 
1.096025e-01 	 2.968069e-01 	 2.635866e-02 	 1.656163e-01 	 1.964225e-01 
1.110315e-01 	 2.965036e-01 	 2.636032e-02 	 1.656268e-01 	 1.987675e-01 
1.124604e-01 	 2.962003e-01 	 2.636197e-02 	 1.656371e-01 	 2.011072e-01 
1.138894e-01 	 2.958968e-01 	 2.636357e-02 	 1.656472e-01 	 2.034415e-01 
1.153184e-01 	 2.955927e-01 	 2.636510e-02 	 1.656568e-01 	 2.057705e-01 
1.167474e-01 	 2.952881e-01 	 2.636657e-02 	 1.656660e-01 	 2.080940e-01 
1.181764e-01 	 2.949831e-01 	 2.636798e-02 	 1.656749e-01 	 2.104122e-01 
1.196053e-01 	 2.946777e-01 	 2.636934e-02 	 1.656834e-01 	 2.127251e-01 
1.210343e-01 	 2.943718e-01 	 2.637063e-02 	 1.656916e-01 	 2.150326e-01 
1.224633e-01 	 2.940649e-01 	 2.637183e-02 	 1.656991e-01 	 2.173346e-01 
1.238923e-01 	 2.937581e-01 	 2.637301e-02 	 1.657065e-01 	 2.196315e-01 
1.253213e-01 	 2.934509e-01 	 2.637412e-02 	 1.657135e-01 	 2.219229e-01 
1.267502e-01 	 2.931434e-01 	 2.637520e-02 	 1.657203e-01 	 2.242091e-01 
1.281792e-01 	 2.928353e-01 	 2.637620e-02 	 1.657265e-01 	 2.264900e-01 
1.296082e-01 	 2.925267e-01 	 2.637713e-02 	 1.657324e-01 	 2.287655e-01 
1.310372e-01 	 2.922176e-01 	 2.637801e-02 	 1.657379e-01 	 2.310357e-01 
1.324662e-01 	 2.919083e-01 	 2.637883e-02 	 1.657431e-01 	 2.333007e-01 
1.338951e-01 	 2.915978e-01 	 2.637954e-02 	 1.657475e-01 	 2.355602e-01 
1.353241e-01 	 2.912874e-01 	 2.638023e-02 	 1.657519e-01 	 2.378146e-01 
1.367531e-01 	 2.909765e-01 	 2.638086e-02 	 1.657558e-01 	 2.400636e-01 
1.381821e-01 	 2.906653e-01 	 2.638142e-02 	 1.657594e-01 	 2.423075e-01 
1.396111e-01 	 2.903535e-01 	 2.638193e-02 	 1.657625e-01 	 2.445460e-01 
1.410400e-01 	 2.900414e-01 	 2.638237e-02 	 1.657653e-01 	 2.467793e-01 
1.424690e-01 	 2.897287e-01 	 2.638275e-02 	 1.657677e-01 	 2.490073e-01 
1.438980e-01 	 2.894153e-01 	 2.638303e-02 	 1.657695e-01 	 2.512301e-01 
1.453270e-01 	 2.891012e-01 	 2.638324e-02 	 1.657708e-01 	 2.534475e-01 
1.467560e-01 	 2.887871e-01 	 2.638343e-02 	 1.657720e-01 	 2.556598e-01 
1.481849e-01 	 2.884727e-01 	 2.638355e-02 	 1.657728e-01 	 2.578669e-01 
1.496139e-01 	 2.881578e-01 	 2.638362e-02 	 1.657732e-01 	 2.600687e-01 
1.510429e-01 	 2.878425e-01 	 2.638362e-02 	 1.657732e-01 	 2.622654e-01 
1.524719e-01 	 2.875266e-01 	 2.638355e-02 	 1.657727e-01 	 2.644568e-01 
1.539009e-01 	 2.872103e-01 	 2.638342e-02 	 1.657719e-01 	 2.666430e-01 
1.553298e-01 	 2.868939e-01 	 2.638326e-02 	 1.657709e-01 	 2.688239e-01 
1.567588e-01 	 2.865768e-01 	 2.638300e-02 	 1.657693e-01 	 2.709998e-01 
1.581878e-01 	 2.862590e-01 	 2.638267e-02 	 1.657672e-01 	 2.731704e-01 
1.596168e-01 	 2.859409e-01 	 2.638227e-02 	 1.657647e-01 	 2.753358e-01 
1.610458e-01 	 2.856225e-01 	 2.638183e-02 	 1.657619e-01 	 2.774961e-01 
1.624747e-01 	 2.853034e-01 	 2.638130e-02 	 1.657586e-01 	 2.796513e-01 
1.639037e-01 	 2.849839e-01 	 2.638070e-02 	 1.657549e-01 	 2.818012e-01 
1.653327e-01 	 2.846640e-01 	 2.638005e-02 	 1.657507e-01 	 2.839460e-01 
1.667617e-01 	 2.843435e-01 	 2.637932e-02 	 1.657461e-01 	 2.860857e-01 
1.681907e-01 	 2.840226e-01 	 2.637852e-02 	 1.657411e-01 	 2.882202e-01 
1.696196e-01 	 2.837012e-01 	 2.637765e-02 	 1.657357e-01 	 2.903497e-01 
1.710486e-01 	 2.833788e-01 	 2.637668e-02 	 1.657296e-01 	 2.924738e-01 
1.724776e-01 	 2.830565e-01 	 2.637568e-02 	 1.657233e-01 	 2.945930e-01 
1.739066e-01 	 2.827338e-01 	 2.637460e-02 	 1.657165e-01 	 2.967071e-01 
1.753356e-01 	 2.824110e-01 	 2.637350e-02 	 1.657096e-01 	 2.988160e-01 
1.767645e-01 	 2.820875e-01 	 2.637231e-02 	 1.657021e-01 	 3.009199e-01 
1.781935e-01 	 2.817634e-01 	 2.637104e-02 	 1.656941e-01 	 3.030187e-01 
1.796225e-01 	 2.814397e-01 	 2.636976e-02 	 1.656861e-01 	 3.051126e-01 
1.810515e-01 	 2.811147e-01 	 2.636834e-02 	 1.656771e-01 	 3.072012e-01 
1.824805e-01 	 2.807892e-01 	 2.636685e-02 	 1.656678e-01 	 3.092848e-01 
1.839094e-01 	 2.804626e-01 	 2.636525e-02 	 1.656577e-01 	 3.113631e-01 
1.853384e-01 	 2.801356e-01 	 2.636356e-02 	 1.656472e-01 	 3.134366e-01 
1.867674e-01 	 2.798087e-01 	 2.636187e-02 	 1.656365e-01 	 3.155050e-01 
1.881964e-01 	 2.794823e-01 	 2.636016e-02 	 1.656258e-01 	 3.175686e-01 
1.896254e-01 	 2.791544e-01 	 2.635832e-02 	 1.656142e-01 	 3.196269e-01 
1.910543e-01 	 2.788247e-01 	 2.635630e-02 	 1.656015e-01 	 3.216798e-01 
1.924833e-01 	 2.784970e-01 	 2.635440e-02 	 1.655896e-01 	 3.237283e-01 
1.939123e-01 	 2.781678e-01 	 2.635234e-02 	 1.655766e-01 	 3.257715e-01 
1.953413e-01 	 2.778382e-01 	 2.635021e-02 	 1.655633e-01 	 3.278098e-01 
1.967703e-01 	 2.775075e-01 	 2.634797e-02 	 1.655492e-01 	 3.298429e-01 
1.981992e-01 	 2.771769e-01 	 2.634569e-02 	 1.655349e-01 	 3.318711e-01 
1.996282e-01 	 2.768458e-01 	 2.634334e-02 	 1.655201e-01 	 3.338943e-01 
2.010572e-01 	 2.765154e-01 	 2.634102e-02 	 1.655055e-01 	 3.359128e-01 
2.024862e-01 	 2.761834e-01 	 2.633852e-02 	 1.654898e-01 	 3.379261e-01 
2.039152e-01 	 2.758509e-01 	 2.633595e-02 	 1.654737e-01 	 3.399344e-01 
2.053441e-01 	 2.755176e-01 	 2.633329e-02 	 1.654569e-01 	 3.419375e-01 
2.067731e-01 	 2.751842e-01 	 2.633056e-02 	 1.654398e-01 	 3.439359e-01 
2.082021e-01 	 2.748505e-01 	 2.632777e-02 	 1.654223e-01 	 3.459295e-01 
2.096311e-01 	 2.745172e-01 	 2.632499e-02 	 1.654048e-01 	 3.479182e-01 
2.110601e-01 	 2.741824e-01 	 2.632204e-02 	 1.653862e-01 	 3.499018e-01 
2.124890e-01 	 2.738467e-01 	 2.631897e-02 	 1.653670e-01 	 3.518805e-01 
2.139180e-01 	 2.735107e-01 	 2.631586e-02 	 1.653474e-01 	 3.538541e-01 
2.153470e-01 	 2.731746e-01 	 2.631269e-02 	 1.653275e-01 	 3.558230e-01 
2.167760e-01 	 2.728383e-01 	 2.630948e-02 	 1.653073e-01 	 3.577869e-01 
2.182050e-01 	 2.725025e-01 	 2.630625e-02 	 1.652871e-01 	 3.597462e-01 
2.196339e-01 	 2.721650e-01 	 2.630286e-02 	 1.652657e-01 	 3.617003e-01 
2.210629e-01 	 2.718257e-01 	 2.629929e-02 	 1.652433e-01 	 3.636492e-01 
2.224919e-01 	 2.714881e-01 	 2.629580e-02 	 1.652214e-01 	 3.655936e-01 
2.239209e-01 	 2.711533e-01 	 2.629203e-02 	 1.651977e-01 	 3.675408e-01 
2.253499e-01 	 2.708095e-01 	 2.628845e-02 	 1.651752e-01 	 3.694675e-01 
2.267788e-01 	 2.704692e-01 	 2.628464e-02 	 1.651512e-01 	 3.713971e-01 
2.282078e-01 	 2.701300e-01 	 2.628086e-02 	 1.651275e-01 	 3.733222e-01 
2.296368e-01 	 2.697888e-01 	 2.627689e-02 	 1.651026e-01 	 3.752421e-01 
2.310658e-01 	 2.694475e-01 	 2.627287e-02 	 1.650773e-01 	 3.771572e-01 
2.324948e-01 	 2.691057e-01 	 2.626876e-02 	 1.650515e-01 	 3.790675e-01 
2.339237e-01 	 2.687638e-01 	 2.626462e-02 	 1.650254e-01 	 3.809730e-01 
2.353527e-01 	 2.684210e-01 	 2.626034e-02 	 1.649986e-01 	 3.828736e-01 
2.367817e-01 	 2.680776e-01 	 2.625599e-02 	 1.649713e-01 	 3.847693e-01 
2.382107e-01 	 2.677342e-01 	 2.625158e-02 	 1.649435e-01 	 3.866604e-01 
2.396397e-01 	 2.673891e-01 	 2.624700e-02 	 1.649148e-01 	 3.885463e-01 
2.410686e-01 	 2.670449e-01 	 2.624245e-02 	 1.648862e-01 	 3.904277e-01 
2.424976e-01 	 2.666997e-01 	 2.623778e-02 	 1.648568e-01 	 3.923042e-01 
2.439266e-01 	 2.663533e-01 	 2.623296e-02 	 1.648266e-01 	 3.941759e-01 
2.453556e-01 	 2.660075e-01 	 2.622814e-02 	 1.647963e-01 	 3.960430e-01 
2.467846e-01 	 2.656610e-01 	 2.622323e-02 	 1.647654e-01 	 3.979052e-01 
2.482135e-01 	 2.653138e-01 	 2.621823e-02 	 1.647340e-01 	 3.997626e-01 
2.496425e-01 	 2.649662e-01 	 2.621314e-02 	 1.647020e-01 	 4.016151e-01 
2.510715e-01 	 2.646179e-01 	 2.620796e-02 	 1.646695e-01 	 4.034629e-01 
2.525005e-01 	 2.642701e-01 	 2.620266e-02 	 1.646362e-01 	 4.053078e-01 
2.539295e-01 	 2.639217e-01 	 2.619739e-02 	 1.646030e-01 	 4.071461e-01 
2.553584e-01 	 2.635734e-01 	 2.619210e-02 	 1.645698e-01 	 4.089797e-01 
2.567874e-01 	 2.632212e-01 	 2.618646e-02 	 1.645344e-01 	 4.108070e-01 
2.582164e-01 	 2.628722e-01 	 2.618093e-02 	 1.644996e-01 	 4.126326e-01 
2.596454e-01 	 2.625190e-01 	 2.617512e-02 	 1.644631e-01 	 4.144506e-01 
2.610744e-01 	 2.621684e-01 	 2.616943e-02 	 1.644273e-01 	 4.162657e-01 
2.625033e-01 	 2.618187e-01 	 2.616371e-02 	 1.643914e-01 	 4.180771e-01 
2.639323e-01 	 2.614639e-01 	 2.615764e-02 	 1.643533e-01 	 4.198806e-01 
2.653613e-01 	 2.611108e-01 	 2.615161e-02 	 1.643154e-01 	 4.216812e-01 
2.667903e-01 	 2.607590e-01 	 2.614558e-02 	 1.642775e-01 	 4.234783e-01 
2.682193e-01 	 2.604062e-01 	 2.613947e-02 	 1.642391e-01 	 4.252699e-01 
2.696482e-01 	 2.600525e-01 	 2.613326e-02 	 1.642001e-01 	 4.270563e-01 
2.710772e-01 	 2.596958e-01 	 2.612679e-02 	 1.641594e-01 	 4.288368e-01 
2.725062e-01 	 2.593435e-01 	 2.612054e-02 	 1.641202e-01 	 4.306155e-01 
2.739352e-01 	 2.589880e-01 	 2.611402e-02 	 1.640792e-01 	 4.323883e-01 
2.753642e-01 	 2.586336e-01 	 2.610757e-02 	 1.640387e-01 	 4.341562e-01 
2.767931e-01 	 2.582766e-01 	 2.610078e-02 	 1.639960e-01 	 4.359202e-01 
2.782221e-01 	 2.579211e-01 	 2.609411e-02 	 1.639541e-01 	 4.376794e-01 
2.796511e-01 	 2.575645e-01 	 2.608730e-02 	 1.639113e-01 	 4.394339e-01 
2.810801e-01 	 2.572120e-01 	 2.608091e-02 	 1.638712e-01 	 4.411829e-01 
2.825091e-01 	 2.568481e-01 	 2.607327e-02 	 1.638232e-01 	 4.429281e-01 
2.839380e-01 	 2.564889e-01 	 2.606610e-02 	 1.637782e-01 	 4.446684e-01 
2.853670e-01 	 2.561294e-01 	 2.605887e-02 	 1.637327e-01 	 4.464037e-01 
2.867960e-01 	 2.557698e-01 	 2.605156e-02 	 1.636868e-01 	 4.481349e-01 
2.882250e-01 	 2.554092e-01 	 2.604412e-02 	 1.636400e-01 	 4.498613e-01 
2.896540e-01 	 2.550641e-01 	 2.603829e-02 	 1.636034e-01 	 4.515819e-01 
2.910829e-01 	 2.546892e-01 	 2.602919e-02 	 1.635462e-01 	 4.533011e-01 
2.925119e-01 	 2.543269e-01 	 2.602145e-02 	 1.634976e-01 	 4.550136e-01 
2.939409e-01 	 2.539637e-01 	 2.601361e-02 	 1.634483e-01 	 4.567212e-01 
2.953699e-01 	 2.535995e-01 	 2.600559e-02 	 1.633979e-01 	 4.584246e-01 
2.967989e-01 	 2.532378e-01 	 2.599775e-02 	 1.633487e-01 	 4.601242e-01 
2.982278e-01 	 2.528742e-01 	 2.598970e-02 	 1.632981e-01 	 4.618187e-01 
2.996568e-01 	 2.525095e-01 	 2.598151e-02 	 1.632466e-01 	 4.635084e-01 
3.010858e-01 	 2.521432e-01 	 2.597314e-02 	 1.631941e-01 	 4.651929e-01 
3.025148e-01 	 2.517791e-01 	 2.596488e-02 	 1.631422e-01 	 4.668743e-01 
3.039438e-01 	 2.514152e-01 	 2.595659e-02 	 1.630901e-01 	 4.685513e-01 
3.053727e-01 	 2.510472e-01 	 2.594793e-02 	 1.630356e-01 	 4.702222e-01 
3.068017e-01 	 2.506791e-01 	 2.593917e-02 	 1.629806e-01 	 4.718890e-01 
3.082307e-01 	 2.503138e-01 	 2.593060e-02 	 1.629268e-01 	 4.735525e-01 
3.096597e-01 	 2.499453e-01 	 2.592171e-02 	 1.628709e-01 	 4.752106e-01 
3.110887e-01 	 2.495764e-01 	 2.591273e-02 	 1.628145e-01 	 4.768641e-01 
3.125176e-01 	 2.492060e-01 	 2.590359e-02 	 1.627571e-01 	 4.785125e-01 
3.139466e-01 	 2.488363e-01 	 2.589443e-02 	 1.626995e-01 	 4.801570e-01 
3.153756e-01 	 2.484666e-01 	 2.588521e-02 	 1.626416e-01 	 4.817974e-01 
3.168046e-01 	 2.481090e-01 	 2.587686e-02 	 1.625891e-01 	 4.834399e-01 
3.182336e-01 	 2.477376e-01 	 2.586739e-02 	 1.625296e-01 	 4.850709e-01 
3.196625e-01 	 2.473657e-01 	 2.585783e-02 	 1.624696e-01 	 4.866976e-01 
3.210915e-01 	 2.469932e-01 	 2.584817e-02 	 1.624088e-01 	 4.883196e-01 
3.225205e-01 	 2.466196e-01 	 2.583834e-02 	 1.623471e-01 	 4.899372e-01 
3.239495e-01 	 2.462468e-01 	 2.582852e-02 	 1.622854e-01 	 4.915509e-01 
3.253785e-01 	 2.458618e-01 	 2.581770e-02 	 1.622174e-01 	 4.931537e-01 
3.268074e-01 	 2.455005e-01 	 2.580869e-02 	 1.621608e-01 	 4.947646e-01 
3.282364e-01 	 2.451261e-01 	 2.579856e-02 	 1.620971e-01 	 4.963648e-01 
3.296654e-01 	 2.447389e-01 	 2.578738e-02 	 1.620269e-01 	 4.979540e-01 
3.310944e-01 	 2.443632e-01 	 2.577703e-02 	 1.619619e-01 	 4.995452e-01 
3.325234e-01 	 2.439987e-01 	 2.576752e-02 	 1.619021e-01 	 5.011379e-01 
3.339523e-01 	 2.436218e-01 	 2.575695e-02 	 1.618357e-01 	 5.027201e-01 
3.353813e-01 	 2.432462e-01 	 2.574645e-02 	 1.617697e-01 	 5.042986e-01 
3.368103e-01 	 2.428674e-01 	 2.573561e-02 	 1.617016e-01 	 5.058715e-01 
3.382393e-01 	 2.424895e-01 	 2.572478e-02 	 1.616336e-01 	 5.074409e-01 
3.396683e-01 	 2.421121e-01 	 2.571394e-02 	 1.615655e-01 	 5.090061e-01 
3.410972e-01 	 2.417328e-01 	 2.570288e-02 	 1.614959e-01 	 5.105664e-01 
3.425262e-01 	 2.413548e-01 	 2.569187e-02 	 1.614268e-01 	 5.121230e-01 
3.439552e-01 	 2.409737e-01 	 2.568053e-02 	 1.613555e-01 	 5.136740e-01 
3.453842e-01 	 2.405942e-01 	 2.566927e-02 	 1.612848e-01 	 5.152217e-01 
3.468132e-01 	 2.402024e-01 	 2.565695e-02 	 1.612074e-01 	 5.167590e-01 
3.482421e-01 	 2.398329e-01 	 2.564636e-02 	 1.611408e-01 	 5.183039e-01 
3.496711e-01 	 2.394512e-01 	 2.563472e-02 	 1.610677e-01 	 5.198383e-01 
3.511001e-01 	 2.390681e-01 	 2.562290e-02 	 1.609935e-01 	 5.213681e-01 
3.525291e-01 	 2.386848e-01 	 2.561100e-02 	 1.609186e-01 	 5.228936e-01 
3.539581e-01 	 2.383040e-01 	 2.559923e-02 	 1.608447e-01 	 5.244163e-01 
3.553870e-01 	 2.379201e-01 	 2.558716e-02 	 1.607689e-01 	 5.259333e-01 
3.568160e-01 	 2.375352e-01 	 2.557493e-02 	 1.606920e-01 	 5.274460e-01 
3.582450e-01 	 2.371491e-01 	 2.556255e-02 	 1.606142e-01 	 5.289536e-01 
3.596740e-01 	 2.367664e-01 	 2.555038e-02 	 1.605377e-01 	 5.304591e-01 
3.611030e-01 	 2.363799e-01 	 2.553782e-02 	 1.604589e-01 	 5.319587e-01 
3.625319e-01 	 2.359930e-01 	 2.552517e-02 	 1.603794e-01 	 5.334539e-01 
3.639609e-01 	 2.356055e-01 	 2.551241e-02 	 1.602992e-01 	 5.349446e-01 
3.653899e-01 	 2.352200e-01 	 2.549974e-02 	 1.602196e-01 	 5.364326e-01 
3.668189e-01 	 2.348318e-01 	 2.548678e-02 	 1.601382e-01 	 5.379152e-01 
3.682479e-01 	 2.344431e-01 	 2.547370e-02 	 1.600560e-01 	 5.393935e-01 
3.696768e-01 	 2.340537e-01 	 2.546050e-02 	 1.599730e-01 	 5.408675e-01 
3.711058e-01 	 2.336643e-01 	 2.544725e-02 	 1.598898e-01 	 5.423374e-01 
3.725348e-01 	 2.332766e-01 	 2.543407e-02 	 1.598070e-01 	 5.438040e-01 
3.739638e-01 	 2.328856e-01 	 2.542053e-02 	 1.597219e-01 	 5.452650e-01 
3.753928e-01 	 2.324967e-01 	 2.540712e-02 	 1.596376e-01 	 5.467230e-01 
3.768217e-01 	 2.321045e-01 	 2.539334e-02 	 1.595510e-01 	 5.481757e-01 
3.782507e-01 	 2.317120e-01 	 2.537947e-02 	 1.594639e-01 	 5.496242e-01 
3.796797e-01 	 2.313192e-01 	 2.536551e-02 	 1.593762e-01 	 5.510686e-01 
3.811087e-01 	 2.309265e-01 	 2.535149e-02 	 1.592881e-01 	 5.525089e-01 
3.825377e-01 	 2.305324e-01 	 2.533729e-02 	 1.591989e-01 	 5.539445e-01 
3.839666e-01 	 2.301383e-01 	 2.532300e-02 	 1.591091e-01 	 5.553763e-01 
3.853956e-01 	 2.297435e-01 	 2.530859e-02 	 1.590186e-01 	 5.568037e-01 
3.868246e-01 	 2.293509e-01 	 2.529432e-02 	 1.589289e-01 	 5.582281e-01 
3.882536e-01 	 2.289551e-01 	 2.527969e-02 	 1.588370e-01 	 5.596472e-01 
3.896826e-01 	 2.285588e-01 	 2.526494e-02 	 1.587443e-01 	 5.610620e-01 
3.911115e-01 	 2.281615e-01 	 2.525002e-02 	 1.586506e-01 	 5.624725e-01 
3.925405e-01 	 2.277642e-01 	 2.523505e-02 	 1.585565e-01 	 5.638790e-01 
3.939695e-01 	 2.273693e-01 	 2.522023e-02 	 1.584634e-01 	 5.652825e-01 
3.953985e-01 	 2.269685e-01 	 2.520479e-02 	 1.583664e-01 	 5.666796e-01 
3.968275e-01 	 2.265727e-01 	 2.518975e-02 	 1.582719e-01 	 5.680749e-01 
3.982564e-01 	 2.261734e-01 	 2.517432e-02 	 1.581749e-01 	 5.694646e-01 
3.996854e-01 	 2.257734e-01 	 2.515875e-02 	 1.580771e-01 	 5.708502e-01 
4.011144e-01 	 2.253732e-01 	 2.514309e-02 	 1.579787e-01 	 5.722318e-01 
4.025434e-01 	 2.249744e-01 	 2.512750e-02 	 1.578807e-01 	 5.736099e-01 
4.039724e-01 	 2.245730e-01 	 2.511159e-02 	 1.577808e-01 	 5.749831e-01 
4.054013e-01 	 2.241712e-01 	 2.509558e-02 	 1.576802e-01 	 5.763521e-01 
4.068303e-01 	 2.237684e-01 	 2.507941e-02 	 1.575786e-01 	 5.777168e-01 
4.082593e-01 	 2.233682e-01 	 2.506340e-02 	 1.574780e-01 	 5.790787e-01 
4.096883e-01 	 2.229649e-01 	 2.504704e-02 	 1.573752e-01 	 5.804353e-01 
4.111173e-01 	 2.225612e-01 	 2.503056e-02 	 1.572716e-01 	 5.817879e-01 
4.125462e-01 	 2.221561e-01 	 2.501389e-02 	 1.571669e-01 	 5.831360e-01 
4.139752e-01 	 2.217513e-01 	 2.499717e-02 	 1.570619e-01 	 5.844803e-01 
4.154042e-01 	 2.213487e-01 	 2.498058e-02 	 1.569576e-01 	 5.858216e-01 
4.168332e-01 	 2.209428e-01 	 2.496360e-02 	 1.568509e-01 	 5.871579e-01 
4.182622e-01 	 2.205364e-01 	 2.494653e-02 	 1.567437e-01 	 5.884899e-01 
4.196911e-01 	 2.201297e-01 	 2.492933e-02 	 1.566356e-01 	 5.898178e-01 
4.211201e-01 	 2.197221e-01 	 2.491200e-02 	 1.565267e-01 	 5.911414e-01 
4.225491e-01 	 2.193170e-01 	 2.489481e-02 	 1.564187e-01 	 5.924622e-01 
4.239781e-01 	 2.189093e-01 	 2.487731e-02 	 1.563088e-01 	 5.937783e-01 
4.254071e-01 	 2.185003e-01 	 2.485962e-02 	 1.561976e-01 	 5.950897e-01 
4.268360e-01 	 2.180911e-01 	 2.484182e-02 	 1.560858e-01 	 5.963973e-01 
4.282650e-01 	 2.176812e-01 	 2.482390e-02 	 1.559732e-01 	 5.977007e-01 
4.296940e-01 	 2.172733e-01 	 2.480609e-02 	 1.558613e-01 	 5.990008e-01 
4.311230e-01 	 2.168626e-01 	 2.478793e-02 	 1.557472e-01 	 6.002963e-01 
4.325520e-01 	 2.164513e-01 	 2.476964e-02 	 1.556323e-01 	 6.015875e-01 
4.339809e-01 	 2.160392e-01 	 2.475121e-02 	 1.555165e-01 	 6.028745e-01 
4.354099e-01 	 2.156291e-01 	 2.473290e-02 	 1.554014e-01 	 6.041584e-01 
4.368389e-01 	 2.152162e-01 	 2.471423e-02 	 1.552841e-01 	 6.054374e-01 
4.382679e-01 	 2.148027e-01 	 2.469544e-02 	 1.551660e-01 	 6.067123e-01 
4.396969e-01 	 2.143883e-01 	 2.467648e-02 	 1.550469e-01 	 6.079829e-01 
4.411258e-01 	 2.139746e-01 	 2.465750e-02 	 1.549276e-01 	 6.092504e-01 
4.425548e-01 	 2.135625e-01 	 2.463862e-02 	 1.548090e-01 	 6.105144e-01 
4.439838e-01 	 2.131469e-01 	 2.461932e-02 	 1.546877e-01 	 6.117731e-01 
4.454128e-01 	 2.127310e-01 	 2.459991e-02 	 1.545658e-01 	 6.130279e-01 
4.468418e-01 	 2.123147e-01 	 2.458037e-02 	 1.544430e-01 	 6.142787e-01 
4.482707e-01 	 2.118977e-01 	 2.456070e-02 	 1.543194e-01 	 6.155255e-01 
4.496997e-01 	 2.114803e-01 	 2.454091e-02 	 1.541951e-01 	 6.167683e-01 
4.511287e-01 	 2.110624e-01 	 2.452100e-02 	 1.540700e-01 	 6.180070e-01 
4.525577e-01 	 2.106462e-01 	 2.450117e-02 	 1.539454e-01 	 6.192425e-01 
4.539867e-01 	 2.102278e-01 	 2.448106e-02 	 1.538190e-01 	 6.204735e-01 
4.554156e-01 	 2.098084e-01 	 2.446076e-02 	 1.536915e-01 	 6.217002e-01 
4.568446e-01 	 2.093878e-01 	 2.444027e-02 	 1.535627e-01 	 6.229226e-01 
4.582736e-01 	 2.089674e-01 	 2.441971e-02 	 1.534336e-01 	 6.241414e-01 
4.597026e-01 	 2.085465e-01 	 2.439903e-02 	 1.533036e-01 	 6.253561e-01 
4.611316e-01 	 2.081278e-01 	 2.437850e-02 	 1.531746e-01 	 6.265678e-01 
4.625605e-01 	 2.077059e-01 	 2.435756e-02 	 1.530430e-01 	 6.277746e-01 
4.639895e-01 	 2.072834e-01 	 2.433648e-02 	 1.529106e-01 	 6.289774e-01 
4.654185e-01 	 2.068604e-01 	 2.431527e-02 	 1.527774e-01 	 6.301761e-01 
4.668475e-01 	 2.064370e-01 	 2.429394e-02 	 1.526433e-01 	 6.313710e-01 
4.682765e-01 	 2.060130e-01 	 2.427248e-02 	 1.525085e-01 	 6.325618e-01 
4.697054e-01 	 2.055908e-01 	 2.425112e-02 	 1.523743e-01 	 6.337495e-01 
4.711344e-01 	 2.051659e-01 	 2.422940e-02 	 1.522378e-01 	 6.349324e-01 
4.725634e-01 	 2.047399e-01 	 2.420747e-02 	 1.521001e-01 	 6.361113e-01 
4.739924e-01 	 2.043138e-01 	 2.418547e-02 	 1.519618e-01 	 6.372863e-01 
4.754214e-01 	 2.038874e-01 	 2.416336e-02 	 1.518228e-01 	 6.384573e-01 
4.768503e-01 	 2.034629e-01 	 2.414136e-02 	 1.516846e-01 	 6.396253e-01 
4.782793e-01 	 2.030354e-01 	 2.411897e-02 	 1.515440e-01 	 6.407884e-01 
4.797083e-01 	 2.026073e-01 	 2.409644e-02 	 1.514024e-01 	 6.419476e-01 
4.811373e-01 	 2.021789e-01 	 2.407379e-02 	 1.512601e-01 	 6.431028e-01 
4.825663e-01 	 2.017499e-01 	 2.405100e-02 	 1.511169e-01 	 6.442541e-01 
4.839952e-01 	 2.013203e-01 	 2.402807e-02 	 1.509728e-01 	 6.454014e-01 
4.854242e-01 	 2.008903e-01 	 2.400501e-02 	 1.508280e-01 	 6.465448e-01 
4.868532e-01 	 2.004599e-01 	 2.398182e-02 	 1.506822e-01 	 6.476843e-01 
4.882822e-01 	 2.000313e-01 	 2.395876e-02 	 1.505373e-01 	 6.488206e-01 
4.897112e-01 	 1.995998e-01 	 2.393530e-02 	 1.503899e-01 	 6.499522e-01 
4.911401e-01 	 1.991678e-01 	 2.391169e-02 	 1.502416e-01 	 6.510799e-01 
4.925691e-01 	 1.987351e-01 	 2.388795e-02 	 1.500924e-01 	 6.522035e-01 
4.939981e-01 	 1.983022e-01 	 2.386408e-02 	 1.499424e-01 	 6.533234e-01 
4.954271e-01 	 1.978687e-01 	 2.384008e-02 	 1.497916e-01 	 6.544393e-01 
4.968561e-01 	 1.974346e-01 	 2.381592e-02 	 1.496398e-01 	 6.555512e-01 
4.982850e-01 	 1.970001e-01 	 2.379164e-02 	 1.494873e-01 	 6.566592e-01 
4.997140e-01 	 1.965677e-01 	 2.376751e-02 	 1.493356e-01 	 6.577642e-01 
5.011430e-01 	 1.961322e-01 	 2.374295e-02 	 1.491813e-01 	 6.588644e-01 
5.025720e-01 	 1.956961e-01 	 2.371824e-02 	 1.490261e-01 	 6.599606e-01 
5.040010e-01 	 1.952596e-01 	 2.369341e-02 	 1.488701e-01 	 6.610530e-01 
5.054299e-01 	 1.948226e-01 	 2.366844e-02 	 1.487132e-01 	 6.621415e-01 
5.068589e-01 	 1.943849e-01 	 2.364331e-02 	 1.485553e-01 	 6.632260e-01 
5.082879e-01 	 1.939469e-01 	 2.361806e-02 	 1.483967e-01 	 6.643066e-01 
5.097169e-01 	 1.935084e-01 	 2.359267e-02 	 1.482371e-01 	 6.653833e-01 
5.111459e-01 	 1.930693e-01 	 2.356713e-02 	 1.480767e-01 	 6.664561e-01 
5.125748e-01 	 1.925675e-01 	 2.353987e-02 	 1.479054e-01 	 6.673540e-01 
5.140038e-01 	 1.921272e-01 	 2.351404e-02 	 1.477431e-01 	 6.684179e-01 
5.154328e-01 	 1.917518e-01 	 2.348998e-02 	 1.475919e-01 	 6.696518e-01 
5.168618e-01 	 1.913108e-01 	 2.346388e-02 	 1.474279e-01 	 6.707090e-01 
5.182908e-01 	 1.908692e-01 	 2.343764e-02 	 1.472630e-01 	 6.717623e-01 
5.197197e-01 	 1.904272e-01 	 2.341126e-02 	 1.470973e-01 	 6.728116e-01 
5.211487e-01 	 1.899846e-01 	 2.338473e-02 	 1.469306e-01 	 6.738571e-01 
5.225777e-01 	 1.895416e-01 	 2.335807e-02 	 1.467631e-01 	 6.748987e-01 
5.240067e-01 	 1.890980e-01 	 2.333126e-02 	 1.465946e-01 	 6.759363e-01 
5.254357e-01 	 1.886540e-01 	 2.330430e-02 	 1.464253e-01 	 6.769701e-01 
5.268646e-01 	 1.882094e-01 	 2.327721e-02 	 1.462550e-01 	 6.780000e-01 
5.282936e-01 	 1.877644e-01 	 2.324997e-02 	 1.460839e-01 	 6.790259e-01 
5.297226e-01 	 1.873188e-01 	 2.322258e-02 	 1.459118e-01 	 6.800480e-01 
5.311516e-01 	 1.868728e-01 	 2.319505e-02 	 1.457388e-01 	 6.810661e-01 
5.325806e-01 	 1.864262e-01 	 2.316738e-02 	 1.455649e-01 	 6.820804e-01 
5.340095e-01 	 1.859791e-01 	 2.313955e-02 	 1.453901e-01 	 6.830907e-01 
5.354385e-01 	 1.855316e-01 	 2.311159e-02 	 1.452144e-01 	 6.840971e-01 
5.368675e-01 	 1.850835e-01 	 2.308348e-02 	 1.450378e-01 	 6.850996e-01 
5.382965e-01 	 1.846349e-01 	 2.305522e-02 	 1.448602e-01 	 6.860983e-01 
5.397255e-01 	 1.841859e-01 	 2.302682e-02 	 1.446817e-01 	 6.870930e-01 
5.411544e-01 	 1.837364e-01 	 2.299827e-02 	 1.445024e-01 	 6.880839e-01 
5.425834e-01 	 1.832863e-01 	 2.296957e-02 	 1.443221e-01 	 6.890708e-01 
5.440124e-01 	 1.828357e-01 	 2.294072e-02 	 1.441408e-01 	 6.900537e-01 
5.454414e-01 	 1.823846e-01 	 2.291173e-02 	 1.439586e-01 	 6.910328e-01 
5.468704e-01 	 1.819325e-01 	 2.288252e-02 	 1.437751e-01 	 6.920080e-01 
5.482993e-01 	 1.814804e-01 	 2.285322e-02 	 1.435910e-01 	 6.929793e-01 
5.497283e-01 	 1.810279e-01 	 2.282378e-02 	 1.434061e-01 	 6.939466e-01 
5.511573e-01 	 1.805748e-01 	 2.279420e-02 	 1.432202e-01 	 6.949101e-01 
5.525863e-01 	 1.801212e-01 	 2.276445e-02 	 1.430333e-01 	 6.958696e-01 
5.540153e-01 	 1.796672e-01 	 2.273457e-02 	 1.428455e-01 	 6.968252e-01 
5.554442e-01 	 1.792127e-01 	 2.270454e-02 	 1.426568e-01 	 6.977770e-01 
5.568732e-01 	 1.787576e-01 	 2.267434e-02 	 1.424671e-01 	 6.987248e-01 
5.583022e-01 	 1.783020e-01 	 2.264401e-02 	 1.422765e-01 	 6.996687e-01 
5.597312e-01 	 1.778459e-01 	 2.261352e-02 	 1.420849e-01 	 7.006086e-01 
5.611602e-01 	 1.773894e-01 	 2.258288e-02 	 1.418924e-01 	 7.015447e-01 
5.625891e-01 	 1.769323e-01 	 2.255208e-02 	 1.416989e-01 	 7.024768e-01 
5.640181e-01 	 1.764748e-01 	 2.252115e-02 	 1.415045e-01 	 7.034050e-01 
5.654471e-01 	 1.760168e-01 	 2.249006e-02 	 1.413092e-01 	 7.043293e-01 
5.668761e-01 	 1.755582e-01 	 2.245880e-02 	 1.411128e-01 	 7.052496e-01 
5.683051e-01 	 1.750992e-01 	 2.242740e-02 	 1.409155e-01 	 7.061660e-01 
5.697340e-01 	 1.746396e-01 	 2.239585e-02 	 1.407173e-01 	 7.070785e-01 
5.711630e-01 	 1.741795e-01 	 2.236413e-02 	 1.405180e-01 	 7.079869e-01 
5.725920e-01 	 1.737190e-01 	 2.233227e-02 	 1.403178e-01 	 7.088915e-01 
5.740210e-01 	 1.732579e-01 	 2.230026e-02 	 1.401166e-01 	 7.097921e-01 
5.754500e-01 	 1.727964e-01 	 2.226809e-02 	 1.399145e-01 	 7.106888e-01 
5.768789e-01 	 1.723343e-01 	 2.223576e-02 	 1.397114e-01 	 7.115815e-01 
5.783079e-01 	 1.718718e-01 	 2.220328e-02 	 1.395073e-01 	 7.124702e-01 
5.797369e-01 	 1.714087e-01 	 2.217064e-02 	 1.393023e-01 	 7.133550e-01 
5.811659e-01 	 1.709451e-01 	 2.213785e-02 	 1.390962e-01 	 7.142358e-01 
5.825949e-01 	 1.704811e-01 	 2.210490e-02 	 1.388892e-01 	 7.151126e-01 
5.840238e-01 	 1.700166e-01 	 2.207180e-02 	 1.386812e-01 	 7.159855e-01 
5.854528e-01 	 1.695515e-01 	 2.203853e-02 	 1.384722e-01 	 7.168545e-01 
5.868818e-01 	 1.690860e-01 	 2.200512e-02 	 1.382622e-01 	 7.177194e-01 
5.883108e-01 	 1.686199e-01 	 2.197154e-02 	 1.380513e-01 	 7.185803e-01 
5.897398e-01 	 1.681534e-01 	 2.193781e-02 	 1.378393e-01 	 7.194373e-01 
5.911687e-01 	 1.676864e-01 	 2.190392e-02 	 1.376264e-01 	 7.202903e-01 
5.925977e-01 	 1.672188e-01 	 2.186987e-02 	 1.374124e-01 	 7.211392e-01 
5.940267e-01 	 1.667508e-01 	 2.183566e-02 	 1.371975e-01 	 7.219842e-01 
5.954557e-01 	 1.662822e-01 	 2.180129e-02 	 1.369815e-01 	 7.228251e-01 
5.968847e-01 	 1.658132e-01 	 2.176676e-02 	 1.367646e-01 	 7.236620e-01 
5.983136e-01 	 1.653437e-01 	 2.173208e-02 	 1.365467e-01 	 7.244950e-01 
5.997426e-01 	 1.648737e-01 	 2.169723e-02 	 1.363277e-01 	 7.253239e-01 
6.011716e-01 	 1.644032e-01 	 2.166223e-02 	 1.361078e-01 	 7.261487e-01 
6.026006e-01 	 1.639321e-01 	 2.162706e-02 	 1.358869e-01 	 7.269695e-01 
6.040296e-01 	 1.634606e-01 	 2.159174e-02 	 1.356649e-01 	 7.277863e-01 
6.054585e-01 	 1.629886e-01 	 2.155625e-02 	 1.354419e-01 	 7.285990e-01 
6.068875e-01 	 1.625161e-01 	 2.152060e-02 	 1.352179e-01 	 7.294078e-01 
6.083165e-01 	 1.620431e-01 	 2.148479e-02 	 1.349929e-01 	 7.302123e-01 
6.097455e-01 	 1.615696e-01 	 2.144882e-02 	 1.347669e-01 	 7.310129e-01 
6.111745e-01 	 1.610956e-01 	 2.141268e-02 	 1.345398e-01 	 7.318093e-01 
6.126034e-01 	 1.606211e-01 	 2.137639e-02 	 1.343118e-01 	 7.326018e-01 
6.140324e-01 	 1.601461e-01 	 2.133992e-02 	 1.340827e-01 	 7.333900e-01 
6.154614e-01 	 1.596706e-01 	 2.130330e-02 	 1.338526e-01 	 7.341742e-01 
6.168904e-01 	 1.591946e-01 	 2.126651e-02 	 1.336214e-01 	 7.349543e-01 
6.183194e-01 	 1.587182e-01 	 2.122956e-02 	 1.333893e-01 	 7.357303e-01 
6.197483e-01 	 1.582412e-01 	 2.119244e-02 	 1.331561e-01 	 7.365021e-01 
6.211773e-01 	 1.577638e-01 	 2.115517e-02 	 1.329218e-01 	 7.372699e-01 
6.226063e-01 	 1.572858e-01 	 2.111772e-02 	 1.326866e-01 	 7.380335e-01 
6.240353e-01 	 1.568073e-01 	 2.108011e-02 	 1.324503e-01 	 7.387929e-01 
6.254643e-01 	 1.563284e-01 	 2.104234e-02 	 1.322129e-01 	 7.395482e-01 
6.268932e-01 	 1.558489e-01 	 2.100440e-02 	 1.319745e-01 	 7.402993e-01 
6.283222e-01 	 1.553690e-01 	 2.096629e-02 	 1.317351e-01 	 7.410462e-01 
6.297512e-01 	 1.548885e-01 	 2.092801e-02 	 1.314946e-01 	 7.417889e-01 
6.311802e-01 	 1.544076e-01 	 2.088958e-02 	 1.312531e-01 	 7.425275e-01 
6.326092e-01 	 1.539262e-01 	 2.085097e-02 	 1.310105e-01 	 7.432619e-01 
6.340381e-01 	 1.534443e-01 	 2.081220e-02 	 1.307669e-01 	 7.439920e-01 
6.354671e-01 	 1.529618e-01 	 2.077325e-02 	 1.305222e-01 	 7.447179e-01 
6.368961e-01 	 1.524790e-01 	 2.073415e-02 	 1.302765e-01 	 7.454397e-01 
6.383251e-01 	 1.519956e-01 	 2.069487e-02 	 1.300297e-01 	 7.461571e-01 
6.397541e-01 	 1.515117e-01 	 2.065542e-02 	 1.297819e-01 	 7.468702e-01 
6.411830e-01 	 1.510273e-01 	 2.061581e-02 	 1.295329e-01 	 7.475791e-01 
6.426120e-01 	 1.505424e-01 	 2.057602e-02 	 1.292830e-01 	 7.482837e-01 
6.440410e-01 	 1.500571e-01 	 2.053607e-02 	 1.290320e-01 	 7.489841e-01 
6.454700e-01 	 1.495705e-01 	 2.049587e-02 	 1.287793e-01 	 7.496796e-01 
6.468990e-01 	 1.490841e-01 	 2.045557e-02 	 1.285261e-01 	 7.503713e-01 
6.483279e-01 	 1.485972e-01 	 2.041511e-02 	 1.282719e-01 	 7.510586e-01 
6.497569e-01 	 1.481099e-01 	 2.037447e-02 	 1.280166e-01 	 7.517417e-01 
6.511859e-01 	 1.476221e-01 	 2.033367e-02 	 1.277602e-01 	 7.524204e-01 
6.526149e-01 	 1.471337e-01 	 2.029269e-02 	 1.275027e-01 	 7.530946e-01 
6.540439e-01 	 1.466448e-01 	 2.025154e-02 	 1.272442e-01 	 7.537645e-01 
6.554728e-01 	 1.461556e-01 	 2.021023e-02 	 1.269846e-01 	 7.544301e-01 
6.569018e-01 	 1.456657e-01 	 2.016873e-02 	 1.267239e-01 	 7.550912e-01 
6.583308e-01 	 1.451754e-01 	 2.012707e-02 	 1.264621e-01 	 7.557478e-01 
6.597598e-01 	 1.446846e-01 	 2.008523e-02 	 1.261992e-01 	 7.564000e-01 
6.611888e-01 	 1.441933e-01 	 2.004322e-02 	 1.259353e-01 	 7.570478e-01 
6.626177e-01 	 1.437015e-01 	 2.000103e-02 	 1.256702e-01 	 7.576910e-01 
6.640467e-01 	 1.432092e-01 	 1.995868e-02 	 1.254041e-01 	 7.583298e-01 
6.654757e-01 	 1.427165e-01 	 1.991614e-02 	 1.251368e-01 	 7.589640e-01 
6.669047e-01 	 1.422234e-01 	 1.987346e-02 	 1.248686e-01 	 7.595943e-01 
6.683337e-01 	 1.417297e-01 	 1.983057e-02 	 1.245992e-01 	 7.602195e-01 
6.697626e-01 	 1.412354e-01 	 1.978751e-02 	 1.243286e-01 	 7.608401e-01 
6.711916e-01 	 1.407406e-01 	 1.974428e-02 	 1.240570e-01 	 7.614562e-01 
6.726206e-01 	 1.402455e-01 	 1.970088e-02 	 1.237843e-01 	 7.620677e-01 
6.740496e-01 	 1.397497e-01 	 1.965729e-02 	 1.235104e-01 	 7.626746e-01 
6.754786e-01 	 1.392535e-01 	 1.961353e-02 	 1.232355e-01 	 7.632768e-01 
6.769075e-01 	 1.387568e-01 	 1.956960e-02 	 1.229594e-01 	 7.638744e-01 
6.783365e-01 	 1.382597e-01 	 1.952549e-02 	 1.226823e-01 	 7.644673e-01 
6.797655e-01 	 1.377620e-01 	 1.948120e-02 	 1.224040e-01 	 7.650556e-01 
6.811945e-01 	 1.372638e-01 	 1.943673e-02 	 1.221246e-01 	 7.656390e-01 
6.826235e-01 	 1.367651e-01 	 1.939209e-02 	 1.218441e-01 	 7.662178e-01 
6.840524e-01 	 1.362660e-01 	 1.934727e-02 	 1.215625e-01 	 7.667918e-01 
6.854814e-01 	 1.357665e-01 	 1.930227e-02 	 1.212798e-01 	 7.673611e-01 
6.869104e-01 	 1.352663e-01 	 1.925709e-02 	 1.209959e-01 	 7.679255e-01 
6.883394e-01 	 1.347657e-01 	 1.921174e-02 	 1.207109e-01 	 7.684852e-01 
6.897684e-01 	 1.342646e-01 	 1.916620e-02 	 1.204248e-01 	 7.690399e-01 
6.911973e-01 	 1.337630e-01 	 1.912048e-02 	 1.201375e-01 	 7.695898e-01 
6.926263e-01 	 1.332609e-01 	 1.907459e-02 	 1.198492e-01 	 7.701349e-01 
6.940553e-01 	 1.327584e-01 	 1.902851e-02 	 1.195597e-01 	 7.706750e-01 
6.954843e-01 	 1.322553e-01 	 1.898225e-02 	 1.192690e-01 	 7.712101e-01 
6.969133e-01 	 1.317517e-01 	 1.893582e-02 	 1.189772e-01 	 7.717403e-01 
6.983422e-01 	 1.312478e-01 	 1.888921e-02 	 1.186844e-01 	 7.722656e-01 
6.997712e-01 	 1.307433e-01 	 1.884241e-02 	 1.183904e-01 	 7.727858e-01 
7.012002e-01 	 1.302382e-01 	 1.879543e-02 	 1.180951e-01 	 7.733009e-01 
7.026292e-01 	 1.297328e-01 	 1.874827e-02 	 1.177988e-01 	 7.738110e-01 
7.040582e-01 	 1.292268e-01 	 1.870092e-02 	 1.175014e-01 	 7.743159e-01 
7.054871e-01 	 1.287203e-01 	 1.865340e-02 	 1.172028e-01 	 7.748158e-01 
7.069161e-01 	 1.282134e-01 	 1.860568e-02 	 1.169030e-01 	 7.753104e-01 
7.083451e-01 	 1.277060e-01 	 1.855780e-02 	 1.166021e-01 	 7.758000e-01 
7.097741e-01 	 1.271980e-01 	 1.850972e-02 	 1.163000e-01 	 7.762842e-01 
7.112031e-01 	 1.266896e-01 	 1.846146e-02 	 1.159968e-01 	 7.767632e-01 
7.126320e-01 	 1.261807e-01 	 1.841302e-02 	 1.156924e-01 	 7.772369e-01 
7.140610e-01 	 1.256713e-01 	 1.836439e-02 	 1.153869e-01 	 7.777054e-01 
7.154900e-01 	 1.251615e-01 	 1.831558e-02 	 1.150802e-01 	 7.781685e-01 
7.169190e-01 	 1.246511e-01 	 1.826658e-02 	 1.147723e-01 	 7.786261e-01 
7.183480e-01 	 1.241403e-01 	 1.821740e-02 	 1.144633e-01 	 7.790785e-01 
7.197769e-01 	 1.236289e-01 	 1.816803e-02 	 1.141531e-01 	 7.795253e-01 
7.212059e-01 	 1.231171e-01 	 1.811848e-02 	 1.138418e-01 	 7.799666e-01 
7.226349e-01 	 1.226048e-01 	 1.806874e-02 	 1.135293e-01 	 7.804025e-01 
7.240639e-01 	 1.220921e-01 	 1.801882e-02 	 1.132156e-01 	 7.808328e-01 
7.254929e-01 	 1.215788e-01 	 1.796871e-02 	 1.129007e-01 	 7.812575e-01 
7.269218e-01 	 1.210651e-01 	 1.791841e-02 	 1.125847e-01 	 7.816766e-01 
7.283508e-01 	 1.205507e-01 	 1.786792e-02 	 1.122675e-01 	 7.820899e-01 
7.297798e-01 	 1.200360e-01 	 1.781725e-02 	 1.119491e-01 	 7.824975e-01 
7.312088e-01 	 1.195208e-01 	 1.776639e-02 	 1.116295e-01 	 7.828994e-01 
7.326378e-01 	 1.190052e-01 	 1.771534e-02 	 1.113088e-01 	 7.832956e-01 
7.340667e-01 	 1.184890e-01 	 1.766411e-02 	 1.109869e-01 	 7.836859e-01 
7.354957e-01 	 1.179724e-01 	 1.761269e-02 	 1.106638e-01 	 7.840704e-01 
7.369247e-01 	 1.174552e-01 	 1.756106e-02 	 1.103394e-01 	 7.844488e-01 
7.383537e-01 	 1.169375e-01 	 1.750926e-02 	 1.100139e-01 	 7.848213e-01 
7.397827e-01 	 1.164195e-01 	 1.745727e-02 	 1.096873e-01 	 7.851879e-01 
7.412116e-01 	 1.159009e-01 	 1.740509e-02 	 1.093594e-01 	 7.855484e-01 
7.426406e-01 	 1.153818e-01 	 1.735271e-02 	 1.090303e-01 	 7.859027e-01 
7.440696e-01 	 1.148622e-01 	 1.730014e-02 	 1.087000e-01 	 7.862508e-01 
7.454986e-01 	 1.143422e-01 	 1.724739e-02 	 1.083686e-01 	 7.865929e-01 
7.469276e-01 	 1.138218e-01 	 1.719446e-02 	 1.080360e-01 	 7.869287e-01 
7.483565e-01 	 1.133007e-01 	 1.714132e-02 	 1.077021e-01 	 7.872581e-01 
7.497855e-01 	 1.127792e-01 	 1.708799e-02 	 1.073670e-01 	 7.875811e-01 
7.512145e-01 	 1.122572e-01 	 1.703446e-02 	 1.070307e-01 	 7.878977e-01 
7.526435e-01 	 1.117348e-01 	 1.698075e-02 	 1.066932e-01 	 7.882080e-01 
7.540724e-01 	 1.112119e-01 	 1.692685e-02 	 1.063546e-01 	 7.885117e-01 
7.555014e-01 	 1.106884e-01 	 1.687275e-02 	 1.060146e-01 	 7.888087e-01 
7.569304e-01 	 1.101645e-01 	 1.681846e-02 	 1.056735e-01 	 7.890992e-01 
7.583594e-01 	 1.096402e-01 	 1.676398e-02 	 1.053312e-01 	 7.893830e-01 
7.597884e-01 	 1.091155e-01 	 1.670932e-02 	 1.049878e-01 	 7.896602e-01 
7.612173e-01 	 1.085900e-01 	 1.665444e-02 	 1.046429e-01 	 7.899302e-01 
7.626463e-01 	 1.080641e-01 	 1.659937e-02 	 1.042969e-01 	 7.901934e-01 
7.640753e-01 	 1.075379e-01 	 1.654411e-02 	 1.039497e-01 	 7.904498e-01 
7.655043e-01 	 1.070111e-01 	 1.648865e-02 	 1.036013e-01 	 7.906992e-01 
7.669333e-01 	 1.064839e-01 	 1.643302e-02 	 1.032517e-01 	 7.909416e-01 
7.683622e-01 	 1.059561e-01 	 1.637716e-02 	 1.029008e-01 	 7.911766e-01 
7.697912e-01 	 1.054279e-01 	 1.632112e-02 	 1.025486e-01 	 7.914045e-01 
7.712202e-01 	 1.048992e-01 	 1.626489e-02 	 1.021953e-01 	 7.916251e-01 
7.726492e-01 	 1.043700e-01 	 1.620846e-02 	 1.018408e-01 	 7.918384e-01 
7.740782e-01 	 1.038403e-01 	 1.615183e-02 	 1.014849e-01 	 7.920442e-01 
7.755071e-01 	 1.033101e-01 	 1.609499e-02 	 1.011278e-01 	 7.922424e-01 
7.769361e-01 	 1.027790e-01 	 1.603791e-02 	 1.007691e-01 	 7.924324e-01 
7.783651e-01 	 1.022478e-01 	 1.598068e-02 	 1.004096e-01 	 7.926153e-01 
7.797941e-01 	 1.017163e-01 	 1.592326e-02 	 1.000488e-01 	 7.927907e-01 
7.812231e-01 	 1.011844e-01 	 1.586566e-02 	 9.968691e-02 	 7.929583e-01 
7.826520e-01 	 1.006518e-01 	 1.580785e-02 	 9.932363e-02 	 7.931178e-01 
7.840810e-01 	 1.001188e-01 	 1.574984e-02 	 9.895915e-02 	 7.932694e-01 
7.855100e-01 	 9.958525e-02 	 1.569162e-02 	 9.859334e-02 	 7.934127e-01 
7.869390e-01 	 9.905126e-02 	 1.563320e-02 	 9.822632e-02 	 7.935480e-01 
7.883680e-01 	 9.851679e-02 	 1.557459e-02 	 9.785804e-02 	 7.936750e-01 
7.897969e-01 	 9.798191e-02 	 1.551579e-02 	 9.748858e-02 	 7.937937e-01 
7.912259e-01 	 9.744648e-02 	 1.545678e-02 	 9.711778e-02 	 7.939038e-01 
7.926549e-01 	 9.691060e-02 	 1.539757e-02 	 9.674576e-02 	 7.940054e-01 
7.940839e-01 	 9.637423e-02 	 1.533816e-02 	 9.637247e-02 	 7.940984e-01 
7.955129e-01 	 9.583747e-02 	 1.527855e-02 	 9.599799e-02 	 7.941827e-01 
7.969418e-01 	 9.530008e-02 	 1.521873e-02 	 9.562212e-02 	 7.942579e-01 
7.983708e-01 	 9.476236e-02 	 1.515873e-02 	 9.524510e-02 	 7.943243e-01 
7.997998e-01 	 9.422406e-02 	 1.509851e-02 	 9.486674e-02 	 7.943815e-01 
8.012288e-01 	 9.368531e-02 	 1.503809e-02 	 9.448713e-02 	 7.944296e-01 
8.026578e-01 	 9.314613e-02 	 1.497748e-02 	 9.410628e-02 	 7.944684e-01 
8.040867e-01 	 9.260645e-02 	 1.491666e-02 	 9.372414e-02 	 7.944977e-01 
8.055157e-01 	 9.206629e-02 	 1.485564e-02 	 9.334073e-02 	 7.945175e-01 
8.069447e-01 	 9.152556e-02 	 1.479440e-02 	 9.295597e-02 	 7.945275e-01 
8.083737e-01 	 9.098461e-02 	 1.473299e-02 	 9.257013e-02 	 7.945280e-01 
8.098027e-01 	 9.044295e-02 	 1.467135e-02 	 9.218282e-02 	 7.945183e-01 
8.112316e-01 	 8.990086e-02 	 1.460951e-02 	 9.179427e-02 	 7.944986e-01 
8.126606e-01 	 8.935825e-02 	 1.454746e-02 	 9.140440e-02 	 7.944686e-01 
8.140896e-01 	 8.881527e-02 	 1.448522e-02 	 9.101334e-02 	 7.944285e-01 
8.155186e-01 	 8.827178e-02 	 1.442277e-02 	 9.062095e-02 	 7.943779e-01 
8.169476e-01 	 8.772786e-02 	 1.436012e-02 	 9.022732e-02 	 7.943166e-01 
8.183765e-01 	 8.718335e-02 	 1.429726e-02 	 8.983231e-02 	 7.942445e-01 
8.198055e-01 	 8.663845e-02 	 1.423419e-02 	 8.943606e-02 	 7.941615e-01 
8.212345e-01 	 8.609311e-02 	 1.417093e-02 	 8.903856e-02 	 7.940676e-01 
8.226635e-01 	 8.554718e-02 	 1.410744e-02 	 8.863966e-02 	 7.939622e-01 
8.240925e-01 	 8.500085e-02 	 1.404376e-02 	 8.823953e-02 	 7.938455e-01 
8.255214e-01 	 8.445400e-02 	 1.397986e-02 	 8.783806e-02 	 7.937172e-01 
8.269504e-01 	 8.390680e-02 	 1.391578e-02 	 8.743540e-02 	 7.935775e-01 
8.283794e-01 	 8.335912e-02 	 1.385148e-02 	 8.703143e-02 	 7.934257e-01 
8.298084e-01 	 8.281083e-02 	 1.378696e-02 	 8.662604e-02 	 7.932617e-01 
8.312374e-01 	 8.226214e-02 	 1.372224e-02 	 8.621940e-02 	 7.930855e-01 
8.326663e-01 	 8.171303e-02 	 1.365733e-02 	 8.581150e-02 	 7.928970e-01 
8.340953e-01 	 8.116349e-02 	 1.359221e-02 	 8.540235e-02 	 7.926959e-01 
8.355243e-01 	 8.061341e-02 	 1.352687e-02 	 8.499181e-02 	 7.924819e-01 
8.369533e-01 	 8.006276e-02 	 1.346131e-02 	 8.457988e-02 	 7.922545e-01 
8.383823e-01 	 7.951172e-02 	 1.339555e-02 	 8.416670e-02 	 7.920142e-01 
8.398112e-01 	 7.896026e-02 	 1.332958e-02 	 8.375225e-02 	 7.917604e-01 
8.412402e-01 	 7.840829e-02 	 1.326341e-02 	 8.333646e-02 	 7.914928e-01 
8.426692e-01 	 7.785579e-02 	 1.319702e-02 	 8.291929e-02 	 7.912112e-01 
8.440982e-01 	 7.730289e-02 	 1.313042e-02 	 8.250087e-02 	 7.909157e-01 
8.455272e-01 	 7.674962e-02 	 1.306363e-02 	 8.208121e-02 	 7.906060e-01 
8.469561e-01 	 7.619570e-02 	 1.299660e-02 	 8.166006e-02 	 7.902812e-01 
8.483851e-01 	 7.564131e-02 	 1.292937e-02 	 8.123761e-02 	 7.899416e-01 
8.498141e-01 	 7.508644e-02 	 1.286192e-02 	 8.081381e-02 	 7.895868e-01 
8.512431e-01 	 7.453110e-02 	 1.279426e-02 	 8.038868e-02 	 7.892166e-01 
8.526721e-01 	 7.397555e-02 	 1.272642e-02 	 7.996244e-02 	 7.888314e-01 
8.541010e-01 	 7.341942e-02 	 1.265835e-02 	 7.953478e-02 	 7.884299e-01 
8.555300e-01 	 7.286267e-02 	 1.259006e-02 	 7.910566e-02 	 7.880119e-01 
8.569590e-01 	 7.230546e-02 	 1.252155e-02 	 7.867521e-02 	 7.875774e-01 
8.583880e-01 	 7.174779e-02 	 1.245283e-02 	 7.824342e-02 	 7.871261e-01 
8.598170e-01 	 7.118977e-02 	 1.238391e-02 	 7.781041e-02 	 7.866579e-01 
8.612459e-01 	 7.063130e-02 	 1.231478e-02 	 7.737606e-02 	 7.861723e-01 
8.626749e-01 	 7.007226e-02 	 1.224543e-02 	 7.694029e-02 	 7.856687e-01 
8.641039e-01 	 6.951274e-02 	 1.217586e-02 	 7.650317e-02 	 7.851470e-01 
8.655329e-01 	 6.895283e-02 	 1.210608e-02 	 7.606477e-02 	 7.846069e-01 
8.669619e-01 	 6.839248e-02 	 1.203610e-02 	 7.562504e-02 	 7.840481e-01 
8.683908e-01 	 6.783161e-02 	 1.196589e-02 	 7.518392e-02 	 7.834700e-01 
8.698198e-01 	 6.727025e-02 	 1.189547e-02 	 7.474143e-02 	 7.828724e-01 
8.712488e-01 	 6.670844e-02 	 1.182483e-02 	 7.429760e-02 	 7.822547e-01 
8.726778e-01 	 6.614621e-02 	 1.175398e-02 	 7.385246e-02 	 7.816169e-01 
8.741068e-01 	 6.558341e-02 	 1.168291e-02 	 7.340587e-02 	 7.809580e-01 
8.755357e-01 	 6.502022e-02 	 1.161163e-02 	 7.295800e-02 	 7.802782e-01 
8.769647e-01 	 6.445649e-02 	 1.154012e-02 	 7.250869e-02 	 7.795764e-01 
8.783937e-01 	 6.389250e-02 	 1.146842e-02 	 7.205823e-02 	 7.788530e-01 
8.798227e-01 	 6.332795e-02 	 1.139650e-02 	 7.160630e-02 	 7.781070e-01 
8.812517e-01 	 6.276287e-02 	 1.132435e-02 	 7.115296e-02 	 7.773378e-01 
8.826806e-01 	 6.219737e-02 	 1.125198e-02 	 7.069829e-02 	 7.765451e-01 
8.841096e-01 	 6.163132e-02 	 1.117939e-02 	 7.024219e-02 	 7.757282e-01 
8.855386e-01 	 6.106480e-02 	 1.110658e-02 	 6.978470e-02 	 7.748867e-01 
8.869676e-01 	 6.049801e-02 	 1.103358e-02 	 6.932602e-02 	 7.740207e-01 
8.883966e-01 	 5.993056e-02 	 1.096033e-02 	 6.886580e-02 	 7.731284e-01 
8.898255e-01 	 5.936274e-02 	 1.088688e-02 	 6.840427e-02 	 7.722102e-01 
8.912545e-01 	 5.879453e-02 	 1.081322e-02 	 6.794146e-02 	 7.712652e-01 
8.926835e-01 	 5.822570e-02 	 1.073932e-02 	 6.747712e-02 	 7.702924e-01 
8.941125e-01 	 5.765658e-02 	 1.066522e-02 	 6.701157e-02 	 7.692920e-01 
8.955415e-01 	 5.708688e-02 	 1.059089e-02 	 6.654453e-02 	 7.682625e-01 
8.969704e-01 	 5.651666e-02 	 1.051633e-02 	 6.607606e-02 	 7.672034e-01 
8.983994e-01 	 5.594610e-02 	 1.044157e-02 	 6.560630e-02 	 7.661145e-01 
8.998284e-01 	 5.537501e-02 	 1.036657e-02 	 6.513511e-02 	 7.649945e-01 
9.012574e-01 	 5.480353e-02 	 1.029137e-02 	 6.466260e-02 	 7.638432e-01 
9.026864e-01 	 5.423157e-02 	 1.021595e-02 	 6.418869e-02 	 7.626592e-01 
9.041153e-01 	 5.365913e-02 	 1.014030e-02 	 6.371337e-02 	 7.614421e-01 
9.055443e-01 	 5.308624e-02 	 1.006443e-02 	 6.323667e-02 	 7.601910e-01 
9.069733e-01 	 5.251280e-02 	 9.988324e-03 	 6.275849e-02 	 7.589045e-01 
9.084023e-01 	 5.193907e-02 	 9.912024e-03 	 6.227908e-02 	 7.575829e-01 
9.098313e-01 	 5.136475e-02 	 9.835484e-03 	 6.179817e-02 	 7.562240e-01 
9.112602e-01 	 5.078997e-02 	 9.758721e-03 	 6.131585e-02 	 7.548273e-01 
9.126892e-01 	 5.021484e-02 	 9.681751e-03 	 6.083223e-02 	 7.533924e-01 
9.141182e-01 	 4.963910e-02 	 9.604536e-03 	 6.034708e-02 	 7.519172e-01 
9.155472e-01 	 4.906315e-02 	 9.527136e-03 	 5.986076e-02 	 7.504019e-01 
9.169762e-01 	 4.848652e-02 	 9.449479e-03 	 5.937283e-02 	 7.488439e-01 
9.184051e-01 	 4.790940e-02 	 9.371596e-03 	 5.888347e-02 	 7.472427e-01 
9.198341e-01 	 4.733198e-02 	 9.293511e-03 	 5.839285e-02 	 7.455977e-01 
9.212631e-01 	 4.675402e-02 	 9.215189e-03 	 5.790074e-02 	 7.439068e-01 
9.226921e-01 	 4.617567e-02 	 9.136654e-03 	 5.740729e-02 	 7.421692e-01 
9.241211e-01 	 4.559678e-02 	 9.057883e-03 	 5.691236e-02 	 7.403830e-01 
9.255500e-01 	 4.501738e-02 	 8.978880e-03 	 5.641597e-02 	 7.385469e-01 
9.269790e-01 	 4.443752e-02 	 8.899652e-03 	 5.591816e-02 	 7.366596e-01 
9.284080e-01 	 4.385749e-02 	 8.820242e-03 	 5.541922e-02 	 7.347207e-01 
9.298370e-01 	 4.327696e-02 	 8.740598e-03 	 5.491880e-02 	 7.327276e-01 
9.312660e-01 	 4.269576e-02 	 8.660697e-03 	 5.441676e-02 	 7.306775e-01 
9.326949e-01 	 4.211408e-02 	 8.580567e-03 	 5.391329e-02 	 7.285696e-01 
9.341239e-01 	 4.153196e-02 	 8.500214e-03 	 5.340842e-02 	 7.264023e-01 
9.355529e-01 	 4.094947e-02 	 8.419647e-03 	 5.290220e-02 	 7.241740e-01 
9.369819e-01 	 4.036658e-02 	 8.338860e-03 	 5.239461e-02 	 7.218825e-01 
9.384109e-01 	 3.978325e-02 	 8.257852e-03 	 5.188562e-02 	 7.195257e-01 
9.398398e-01 	 3.919932e-02 	 8.176594e-03 	 5.137506e-02 	 7.171006e-01 
9.412688e-01 	 3.861502e-02 	 8.095123e-03 	 5.086316e-02 	 7.146060e-01 
9.426978e-01 	 3.803046e-02 	 8.013445e-03 	 5.034996e-02 	 7.120409e-01 
9.441268e-01 	 3.744532e-02 	 7.931526e-03 	 4.983525e-02 	 7.094000e-01 
9.455558e-01 	 3.685958e-02 	 7.849361e-03 	 4.931899e-02 	 7.066810e-01 
9.469847e-01 	 3.627343e-02 	 7.766971e-03 	 4.880132e-02 	 7.038823e-01 
9.484137e-01 	 3.568681e-02 	 7.684351e-03 	 4.828220e-02 	 7.010008e-01 
9.498427e-01 	 3.509968e-02 	 7.601493e-03 	 4.776159e-02 	 6.980331e-01 
9.512717e-01 	 3.451241e-02 	 7.518454e-03 	 4.723984e-02 	 6.949787e-01 
9.527007e-01 	 3.392438e-02 	 7.435138e-03 	 4.671635e-02 	 6.918301e-01 
9.541296e-01 	 3.333575e-02 	 7.351578e-03 	 4.619132e-02 	 6.885844e-01 
9.555586e-01 	 3.274681e-02 	 7.267803e-03 	 4.566496e-02 	 6.852409e-01 
9.569876e-01 	 3.215751e-02 	 7.183813e-03 	 4.513723e-02 	 6.817950e-01 
9.584166e-01 	 3.156793e-02 	 7.099619e-03 	 4.460822e-02 	 6.782434e-01 
9.598456e-01 	 3.097772e-02 	 7.015167e-03 	 4.407759e-02 	 6.745792e-01 
9.612745e-01 	 3.038698e-02 	 6.930472e-03 	 4.354544e-02 	 6.707987e-01 
9.627035e-01 	 2.979583e-02 	 6.845555e-03 	 4.301189e-02 	 6.668982e-01 
9.641325e-01 	 2.920419e-02 	 6.760398e-03 	 4.247684e-02 	 6.628720e-01 
9.655615e-01 	 2.861232e-02 	 6.675046e-03 	 4.194055e-02 	 6.587171e-01 
9.669905e-01 	 2.802003e-02 	 6.589466e-03 	 4.140284e-02 	 6.544261e-01 
9.684194e-01 	 2.742704e-02 	 6.503615e-03 	 4.086342e-02 	 6.499915e-01 
9.698484e-01 	 2.683368e-02 	 6.417548e-03 	 4.032264e-02 	 6.454091e-01 
9.712774e-01 	 2.623978e-02 	 6.331233e-03 	 3.978031e-02 	 6.406715e-01 
9.727064e-01 	 2.564544e-02 	 6.244685e-03 	 3.923652e-02 	 6.357721e-01 
9.741354e-01 	 2.505100e-02 	 6.157958e-03 	 3.869159e-02 	 6.307071e-01 
9.755643e-01 	 2.445579e-02 	 6.070951e-03 	 3.814491e-02 	 6.254622e-01 
9.769933e-01 	 2.386012e-02 	 5.983707e-03 	 3.759674e-02 	 6.200318e-01 
9.784223e-01 	 2.326398e-02 	 5.896229e-03 	 3.704710e-02 	 6.144071e-01 
9.798513e-01 	 2.266746e-02 	 5.808528e-03 	 3.649606e-02 	 6.085792e-01 
9.812803e-01 	 2.207073e-02 	 5.720628e-03 	 3.594377e-02 	 6.025403e-01 
9.827092e-01 	 2.147336e-02 	 5.632465e-03 	 3.538982e-02 	 5.962751e-01 
9.841382e-01 	 2.087551e-02 	 5.544062e-03 	 3.483437e-02 	 5.897734e-01 
9.855672e-01 	 2.027716e-02 	 5.455420e-03 	 3.427741e-02 	 5.830226e-01 
9.869962e-01 	 1.967834e-02 	 5.366536e-03 	 3.371894e-02 	 5.760101e-01 
9.884252e-01 	 1.907909e-02 	 5.277422e-03 	 3.315902e-02 	 5.687218e-01 
9.898541e-01 	 1.847956e-02 	 5.188096e-03 	 3.259777e-02 	 5.611450e-01 
9.912831e-01 	 1.787958e-02 	 5.098533e-03 	 3.203503e-02 	 5.532607e-01 
9.927121e-01 	 1.727904e-02 	 5.008720e-03 	 3.147071e-02 	 5.450501e-01 
9.941411e-01 	 1.667811e-02 	 4.918680e-03 	 3.090498e-02 	 5.364959e-01 
9.955701e-01 	 1.607665e-02 	 4.828390e-03 	 3.033767e-02 	 5.275762e-01 
9.969990e-01 	 1.547470e-02 	 4.737856e-03 	 2.976883e-02 	 5.182691e-01 
9.984280e-01 	 1.487243e-02 	 4.647105e-03 	 2.919862e-02 	 5.085533e-01 
9.998570e-01 	 1.426965e-02 	 4.556108e-03 	 2.862687e-02 	 4.983994e-01 
1.001286e+00 	 1.366641e-02 	 4.464871e-03 	 2.805361e-02 	 4.877797e-01 
1.002715e+00 	 1.306278e-02 	 4.373406e-03 	 2.747892e-02 	 4.766653e-01 
1.004144e+00 	 1.245879e-02 	 4.281715e-03 	 2.690281e-02 	 4.650228e-01 
1.005573e+00 	 1.185418e-02 	 4.189760e-03 	 2.632504e-02 	 4.528101e-01 
1.007002e+00 	 1.124939e-02 	 4.097612e-03 	 2.574606e-02 	 4.399959e-01 
1.008431e+00 	 1.064389e-02 	 4.005180e-03 	 2.516529e-02 	 4.265252e-01 
1.009860e+00 	 1.003799e-02 	 3.912516e-03 	 2.458306e-02 	 4.123555e-01 
1.011289e+00 	 9.431738e-03 	 3.819630e-03 	 2.399944e-02 	 3.974347e-01 
1.012718e+00 	 8.824907e-03 	 3.726482e-03 	 2.341418e-02 	 3.816978e-01 
1.014147e+00 	 8.217749e-03 	 3.633113e-03 	 2.282753e-02 	 3.650857e-01 
1.015576e+00 	 7.610033e-03 	 3.539488e-03 	 2.223926e-02 	 3.475190e-01 
1.017005e+00 	 7.001954e-03 	 3.445636e-03 	 2.164957e-02 	 3.289220e-01 
1.018434e+00 	 6.393535e-03 	 3.351559e-03 	 2.105847e-02 	 3.092054e-01 
1.019863e+00 	 5.784495e-03 	 3.257215e-03 	 2.046568e-02 	 2.882577e-01 
1.021292e+00 	 5.175282e-03 	 3.162677e-03 	 1.987168e-02 	 2.659801e-01 
1.022721e+00 	 4.565489e-03 	 3.067872e-03 	 1.927601e-02 	 2.422296e-01 
1.024150e+00 	 3.955165e-03 	 2.972813e-03 	 1.867873e-02 	 2.168606e-01 
1.025579e+00 	 3.344366e-03 	 2.877509e-03 	 1.807992e-02 	 1.897083e-01 
1.027008e+00 	 2.733119e-03 	 2.781961e-03 	 1.747958e-02 	 1.605836e-01 
1.028437e+00 	 2.121431e-03 	 2.686172e-03 	 1.687772e-02 	 1.292685e-01 
1.029866e+00 	 1.509305e-03 	 2.590142e-03 	 1.627434e-02 	 9.551116e-02 
1.031295e+00 	 8.970093e-04 	 2.493914e-03 	 1.566972e-02 	 5.903619e-02 
1.032724e+00 	 2.840852e-04 	 2.397415e-03 	 1.506340e-02 	 1.947644e-02 
1.034153e+00 	 NaN 	 2.300684e-03 	 1.445562e-02 	 NaN 
1.035582e+00 	 NaN 	 2.203686e-03 	 1.384616e-02 	 NaN 
1.037010e+00 	 NaN 	 2.106445e-03 	 1.323518e-02 	 NaN 
1.038439e+00 	 NaN 	 2.008960e-03 	 1.262267e-02 	 NaN 
1.039868e+00 	 NaN 	 1.911274e-03 	 1.200889e-02 	 NaN 
1.041297e+00 	 NaN 	 1.813305e-03 	 1.139333e-02 	 NaN 
1.042726e+00 	 NaN 	 1.715103e-03 	 1.077631e-02 	 NaN 
1.044155e+00 	 NaN 	 1.616651e-03 	 1.015772e-02 	 NaN 
1.045584e+00 	 NaN 	 1.517951e-03 	 9.537565e-03 	 NaN 
1.047013e+00 	 NaN 	 1.419007e-03 	 8.915886e-03 	 NaN 
1.048442e+00 	 NaN 	 1.319879e-03 	 8.293045e-03 	 NaN 
1.049871e+00 	 NaN 	 1.220458e-03 	 7.668363e-03 	 NaN 
1.051300e+00 	 NaN 	 1.120781e-03 	 7.042074e-03 	 NaN 
1.052729e+00 	 NaN 	 1.020858e-03 	 6.414240e-03 	 NaN 
1.054158e+00 	 NaN 	 9.207012e-04 	 5.784937e-03 	 NaN 
1.055587e+00 	 NaN 	 8.202895e-04 	 5.154031e-03 	 NaN 
1.057016e+00 	 NaN 	 7.196585e-04 	 4.521748e-03 	 NaN 
1.058445e+00 	 NaN 	 6.187539e-04 	 3.887745e-03 	 NaN 
1.059874e+00 	 NaN 	 5.176178e-04 	 3.252289e-03 	 NaN 
1.061303e+00 	 NaN 	 4.162219e-04 	 2.615199e-03 	 NaN 
1.062732e+00 	 NaN 	 3.146086e-04 	 1.976744e-03 	 NaN 
1.064161e+00 	 NaN 	 2.127404e-04 	 1.336688e-03 	 NaN 
1.065590e+00 	 NaN 	 1.106327e-04 	 6.951260e-04 	 NaN 
1.067019e+00 	 NaN 	 8.249420e-06 	 5.183264e-05 	 NaN 
1.068448e+00 	 NaN 	 NaN 	 NaN 	 NaN 
1.069877e+00 	 NaN 	 NaN 	 NaN 	 NaN 
1.071306e+00 	 NaN 	 NaN 	 NaN 	 NaN 
1.072735e+00 	 NaN 	 NaN 	 NaN 	 NaN 
1.074164e+00 	 NaN 	 NaN 	 NaN 	 NaN 
1.075593e+00 	 NaN 	 NaN 	 NaN 	 NaN 
1.077022e+00 	 NaN 	 NaN 	 NaN 	 NaN 
1.078451e+00 	 NaN 	 NaN 	 NaN 	 NaN 
1.079880e+00 	 NaN 	 NaN 	 NaN 	 NaN 
1.081309e+00 	 NaN 	 NaN 	 NaN 	 NaN 
1.082738e+00 	 NaN 	 NaN 	 NaN 	 NaN 
1.084167e+00 	 NaN 	 NaN 	 NaN 	 NaN 
1.085596e+00 	 NaN 	 NaN 	 NaN 	 NaN 
1.087025e+00 	 NaN 	 NaN 	 NaN 	 NaN 
1.088454e+00 	 NaN 	 NaN 	 NaN 	 NaN 
1.089883e+00 	 NaN 	 NaN 	 NaN 	 NaN 
1.091312e+00 	 NaN 	 NaN 	 NaN 	 NaN 
1.092741e+00 	 NaN 	 NaN 	 NaN 	 NaN 
1.094170e+00 	 NaN 	 NaN 	 NaN 	 NaN 
1.095599e+00 	 NaN 	 NaN 	 NaN 	 NaN 
1.097028e+00 	 NaN 	 NaN 	 NaN 	 NaN 
1.098457e+00 	 NaN 	 NaN 	 NaN 	 NaN 
1.099886e+00 	 NaN 	 NaN 	 NaN 	 NaN 
1.101315e+00 	 NaN 	 NaN 	 NaN 	 NaN 
1.102744e+00 	 NaN 	 NaN 	 NaN 	 NaN 
1.104173e+00 	 NaN 	 NaN 	 NaN 	 NaN 
1.105602e+00 	 NaN 	 NaN 	 NaN 	 NaN 
1.107031e+00 	 NaN 	 NaN 	 NaN 	 NaN 
1.108459e+00 	 NaN 	 NaN 	 NaN 	 NaN 
1.109888e+00 	 NaN 	 NaN 	 NaN 	 NaN 
1.111317e+00 	 NaN 	 NaN 	 NaN 	 NaN 
1.112746e+00 	 NaN 	 NaN 	 NaN 	 NaN 
1.114175e+00 	 NaN 	 NaN 	 NaN 	 NaN 
1.115604e+00 	 NaN 	 NaN 	 NaN 	 NaN 
1.117033e+00 	 NaN 	 NaN 	 NaN 	 NaN 
1.118462e+00 	 NaN 	 NaN 	 NaN 	 NaN 
1.119891e+00 	 NaN 	 NaN 	 NaN 	 NaN 
1.121320e+00 	 NaN 	 NaN 	 NaN 	 NaN 
1.122749e+00 	 NaN 	 NaN 	 NaN 	 NaN 
1.124178e+00 	 NaN 	 NaN 	 NaN 	 NaN 
1.125607e+00 	 NaN 	 NaN 	 NaN 	 NaN 
1.127036e+00 	 NaN 	 NaN 	 NaN 	 NaN 
1.128465e+00 	 NaN 	 NaN 	 NaN 	 NaN 
1.129894e+00 	 NaN 	 NaN 	 NaN 	 NaN 
1.131323e+00 	 NaN 	 NaN 	 NaN 	 NaN 
1.132752e+00 	 NaN 	 NaN 	 NaN 	 NaN 
1.134181e+00 	 NaN 	 NaN 	 NaN 	 NaN 
1.135610e+00 	 NaN 	 NaN 	 NaN 	 NaN 
1.137039e+00 	 NaN 	 NaN 	 NaN 	 NaN 
1.138468e+00 	 NaN 	 NaN 	 NaN 	 NaN 
1.139897e+00 	 NaN 	 NaN 	 NaN 	 NaN 
1.141326e+00 	 NaN 	 NaN 	 NaN 	 NaN 
1.142755e+00 	 NaN 	 NaN 	 NaN 	 NaN 
1.144184e+00 	 NaN 	 NaN 	 NaN 	 NaN 
1.145613e+00 	 NaN 	 NaN 	 NaN 	 NaN 
1.147042e+00 	 NaN 	 NaN 	 NaN 	 NaN 
1.148471e+00 	 NaN 	 NaN 	 NaN 	 NaN 
1.149900e+00 	 NaN 	 NaN 	 NaN 	 NaN 
1.151329e+00 	 NaN 	 NaN 	 NaN 	 NaN 
1.152758e+00 	 NaN 	 NaN 	 NaN 	 NaN 
1.154187e+00 	 NaN 	 NaN 	 NaN 	 NaN 
1.155616e+00 	 NaN 	 NaN 	 NaN 	 NaN 
1.157045e+00 	 NaN 	 NaN 	 NaN 	 NaN 
1.158474e+00 	 NaN 	 NaN 	 NaN 	 NaN 
1.159903e+00 	 NaN 	 NaN 	 NaN 	 NaN 
1.161332e+00 	 NaN 	 NaN 	 NaN 	 NaN 
1.162761e+00 	 NaN 	 NaN 	 NaN 	 NaN 
1.164190e+00 	 NaN 	 NaN 	 NaN 	 NaN 
1.165619e+00 	 NaN 	 NaN 	 NaN 	 NaN 
1.167048e+00 	 NaN 	 NaN 	 NaN 	 NaN 
1.168477e+00 	 NaN 	 NaN 	 NaN 	 NaN 
1.169906e+00 	 NaN 	 NaN 	 NaN 	 NaN 
1.171335e+00 	 NaN 	 NaN 	 NaN 	 NaN 
1.172764e+00 	 NaN 	 NaN 	 NaN 	 NaN 
1.174193e+00 	 NaN 	 NaN 	 NaN 	 NaN 
1.175622e+00 	 NaN 	 NaN 	 NaN 	 NaN 
1.177051e+00 	 NaN 	 NaN 	 NaN 	 NaN 
1.178480e+00 	 NaN 	 NaN 	 NaN 	 NaN 
1.179908e+00 	 NaN 	 NaN 	 NaN 	 NaN 
1.181337e+00 	 NaN 	 NaN 	 NaN 	 NaN 
1.182766e+00 	 NaN 	 NaN 	 NaN 	 NaN 
1.184195e+00 	 NaN 	 NaN 	 NaN 	 NaN 
1.185624e+00 	 NaN 	 NaN 	 NaN 	 NaN 
1.187053e+00 	 NaN 	 NaN 	 NaN 	 NaN 
1.188482e+00 	 NaN 	 NaN 	 NaN 	 NaN 
1.189911e+00 	 NaN 	 NaN 	 NaN 	 NaN 
1.191340e+00 	 NaN 	 NaN 	 NaN 	 NaN 
1.192769e+00 	 NaN 	 NaN 	 NaN 	 NaN 
1.194198e+00 	 NaN 	 NaN 	 NaN 	 NaN 
1.195627e+00 	 NaN 	 NaN 	 NaN 	 NaN 
1.197056e+00 	 NaN 	 NaN 	 NaN 	 NaN 
1.198485e+00 	 NaN 	 NaN 	 NaN 	 NaN 
1.199914e+00 	 NaN 	 NaN 	 NaN 	 NaN 
1.201343e+00 	 NaN 	 NaN 	 NaN 	 NaN 
1.202772e+00 	 NaN 	 NaN 	 NaN 	 NaN 
1.204201e+00 	 NaN 	 NaN 	 NaN 	 NaN 
1.205630e+00 	 NaN 	 NaN 	 NaN 	 NaN 
1.207059e+00 	 NaN 	 NaN 	 NaN 	 NaN 
1.208488e+00 	 NaN 	 NaN 	 NaN 	 NaN 
1.209917e+00 	 NaN 	 NaN 	 NaN 	 NaN 
1.211346e+00 	 NaN 	 NaN 	 NaN 	 NaN 
1.212775e+00 	 NaN 	 NaN 	 NaN 	 NaN 
1.214204e+00 	 NaN 	 NaN 	 NaN 	 NaN 
1.215633e+00 	 NaN 	 NaN 	 NaN 	 NaN 
1.217062e+00 	 NaN 	 NaN 	 NaN 	 NaN 
1.218491e+00 	 NaN 	 NaN 	 NaN 	 NaN 
1.219920e+00 	 NaN 	 NaN 	 NaN 	 NaN 
1.221349e+00 	 NaN 	 NaN 	 NaN 	 NaN 
1.222778e+00 	 NaN 	 NaN 	 NaN 	 NaN 
1.224207e+00 	 NaN 	 NaN 	 NaN 	 NaN 
1.225636e+00 	 NaN 	 NaN 	 NaN 	 NaN 
1.227065e+00 	 NaN 	 NaN 	 NaN 	 NaN 
1.228494e+00 	 NaN 	 NaN 	 NaN 	 NaN 
1.229923e+00 	 NaN 	 NaN 	 NaN 	 NaN 
1.231352e+00 	 NaN 	 NaN 	 NaN 	 NaN 
1.232781e+00 	 NaN 	 NaN 	 NaN 	 NaN 
1.234210e+00 	 NaN 	 NaN 	 NaN 	 NaN 
1.235639e+00 	 NaN 	 NaN 	 NaN 	 NaN 
1.237068e+00 	 NaN 	 NaN 	 NaN 	 NaN 
1.238497e+00 	 NaN 	 NaN 	 NaN 	 NaN 
1.239926e+00 	 NaN 	 NaN 	 NaN 	 NaN 
1.241355e+00 	 NaN 	 NaN 	 NaN 	 NaN 
1.242784e+00 	 NaN 	 NaN 	 NaN 	 NaN 
1.244213e+00 	 NaN 	 NaN 	 NaN 	 NaN 
1.245642e+00 	 NaN 	 NaN 	 NaN 	 NaN 
1.247071e+00 	 NaN 	 NaN 	 NaN 	 NaN 
1.248500e+00 	 NaN 	 NaN 	 NaN 	 NaN 
1.249929e+00 	 NaN 	 NaN 	 NaN 	 NaN 
1.251357e+00 	 NaN 	 NaN 	 NaN 	 NaN 
1.252786e+00 	 NaN 	 NaN 	 NaN 	 NaN 
1.254215e+00 	 NaN 	 NaN 	 NaN 	 NaN 
1.255644e+00 	 NaN 	 NaN 	 NaN 	 NaN 
1.257073e+00 	 NaN 	 NaN 	 NaN 	 NaN 
1.258502e+00 	 NaN 	 NaN 	 NaN 	 NaN 
1.259931e+00 	 NaN 	 NaN 	 NaN 	 NaN 
1.261360e+00 	 NaN 	 NaN 	 NaN 	 NaN 
1.262789e+00 	 NaN 	 NaN 	 NaN 	 NaN 
1.264218e+00 	 NaN 	 NaN 	 NaN 	 NaN 
1.265647e+00 	 NaN 	 NaN 	 NaN 	 NaN 
1.267076e+00 	 NaN 	 NaN 	 NaN 	 NaN 
1.268505e+00 	 NaN 	 NaN 	 NaN 	 NaN 
1.269934e+00 	 NaN 	 NaN 	 NaN 	 NaN 
1.271363e+00 	 NaN 	 NaN 	 NaN 	 NaN 
1.272792e+00 	 NaN 	 NaN 	 NaN 	 NaN 
1.274221e+00 	 NaN 	 NaN 	 NaN 	 NaN 
1.275650e+00 	 NaN 	 NaN 	 NaN 	 NaN 
1.277079e+00 	 NaN 	 NaN 	 NaN 	 NaN 
1.278508e+00 	 NaN 	 NaN 	 NaN 	 NaN 
1.279937e+00 	 NaN 	 NaN 	 NaN 	 NaN 
1.281366e+00 	 NaN 	 NaN 	 NaN 	 NaN 
1.282795e+00 	 NaN 	 NaN 	 NaN 	 NaN 
1.284224e+00 	 NaN 	 NaN 	 NaN 	 NaN 
1.285653e+00 	 NaN 	 NaN 	 NaN 	 NaN 
1.287082e+00 	 NaN 	 NaN 	 NaN 	 NaN 
1.288511e+00 	 NaN 	 NaN 	 NaN 	 NaN 
1.289940e+00 	 NaN 	 NaN 	 NaN 	 NaN 
1.291369e+00 	 NaN 	 NaN 	 NaN 	 NaN 
1.292798e+00 	 NaN 	 NaN 	 NaN 	 NaN 
1.294227e+00 	 NaN 	 NaN 	 NaN 	 NaN 
1.295656e+00 	 NaN 	 NaN 	 NaN 	 NaN 
1.297085e+00 	 NaN 	 NaN 	 NaN 	 NaN 
1.298514e+00 	 NaN 	 NaN 	 NaN 	 NaN 
1.299943e+00 	 NaN 	 NaN 	 NaN 	 NaN 
1.301372e+00 	 NaN 	 NaN 	 NaN 	 NaN 
1.302801e+00 	 NaN 	 NaN 	 NaN 	 NaN 
1.304230e+00 	 NaN 	 NaN 	 NaN 	 NaN 
1.305659e+00 	 NaN 	 NaN 	 NaN 	 NaN 
1.307088e+00 	 NaN 	 NaN 	 NaN 	 NaN 
1.308517e+00 	 NaN 	 NaN 	 NaN 	 NaN 
1.309946e+00 	 NaN 	 NaN 	 NaN 	 NaN 
1.311375e+00 	 NaN 	 NaN 	 NaN 	 NaN 
1.312804e+00 	 NaN 	 NaN 	 NaN 	 NaN 
1.314233e+00 	 NaN 	 NaN 	 NaN 	 NaN 
1.315662e+00 	 NaN 	 NaN 	 NaN 	 NaN 
1.317091e+00 	 NaN 	 NaN 	 NaN 	 NaN 
1.318520e+00 	 NaN 	 NaN 	 NaN 	 NaN 
1.319949e+00 	 NaN 	 NaN 	 NaN 	 NaN 
1.321378e+00 	 NaN 	 NaN 	 NaN 	 NaN 
1.322806e+00 	 NaN 	 NaN 	 NaN 	 NaN 
1.324235e+00 	 NaN 	 NaN 	 NaN 	 NaN 
1.325664e+00 	 NaN 	 NaN 	 NaN 	 NaN 
1.327093e+00 	 NaN 	 NaN 	 NaN 	 NaN 
1.328522e+00 	 NaN 	 NaN 	 NaN 	 NaN 
1.329951e+00 	 NaN 	 NaN 	 NaN 	 NaN 
1.331380e+00 	 NaN 	 NaN 	 NaN 	 NaN 
1.332809e+00 	 NaN 	 NaN 	 NaN 	 NaN 
1.334238e+00 	 NaN 	 NaN 	 NaN 	 NaN 
1.335667e+00 	 NaN 	 NaN 	 NaN 	 NaN 
1.337096e+00 	 NaN 	 NaN 	 NaN 	 NaN 
1.338525e+00 	 NaN 	 NaN 	 NaN 	 NaN 
1.339954e+00 	 NaN 	 NaN 	 NaN 	 NaN 
1.341383e+00 	 NaN 	 NaN 	 NaN 	 NaN 
1.342812e+00 	 NaN 	 NaN 	 NaN 	 NaN 
1.344241e+00 	 NaN 	 NaN 	 NaN 	 NaN 
1.345670e+00 	 NaN 	 NaN 	 NaN 	 NaN 
1.347099e+00 	 NaN 	 NaN 	 NaN 	 NaN 
1.348528e+00 	 NaN 	 NaN 	 NaN 	 NaN 
1.349957e+00 	 NaN 	 NaN 	 NaN 	 NaN 
1.351386e+00 	 NaN 	 NaN 	 NaN 	 NaN 
1.352815e+00 	 NaN 	 NaN 	 NaN 	 NaN 
1.354244e+00 	 NaN 	 NaN 	 NaN 	 NaN 
1.355673e+00 	 NaN 	 NaN 	 NaN 	 NaN 
1.357102e+00 	 NaN 	 NaN 	 NaN 	 NaN 
1.358531e+00 	 NaN 	 NaN 	 NaN 	 NaN 
1.359960e+00 	 NaN 	 NaN 	 NaN 	 NaN 
1.361389e+00 	 NaN 	 NaN 	 NaN 	 NaN 
1.362818e+00 	 NaN 	 NaN 	 NaN 	 NaN 
1.364247e+00 	 NaN 	 NaN 	 NaN 	 NaN 
1.365676e+00 	 NaN 	 NaN 	 NaN 	 NaN 
1.367105e+00 	 NaN 	 NaN 	 NaN 	 NaN 
1.368534e+00 	 NaN 	 NaN 	 NaN 	 NaN 
1.369963e+00 	 NaN 	 NaN 	 NaN 	 NaN 
1.371392e+00 	 NaN 	 NaN 	 NaN 	 NaN 
1.372821e+00 	 NaN 	 NaN 	 NaN 	 NaN 
1.374250e+00 	 NaN 	 NaN 	 NaN 	 NaN 
1.375679e+00 	 NaN 	 NaN 	 NaN 	 NaN 
1.377108e+00 	 NaN 	 NaN 	 NaN 	 NaN 
1.378537e+00 	 NaN 	 NaN 	 NaN 	 NaN 
1.379966e+00 	 NaN 	 NaN 	 NaN 	 NaN 
1.381395e+00 	 NaN 	 NaN 	 NaN 	 NaN 
1.382824e+00 	 NaN 	 NaN 	 NaN 	 NaN 
1.384253e+00 	 NaN 	 NaN 	 NaN 	 NaN 
1.385682e+00 	 NaN 	 NaN 	 NaN 	 NaN 
1.387111e+00 	 NaN 	 NaN 	 NaN 	 NaN 
1.388540e+00 	 NaN 	 NaN 	 NaN 	 NaN 
1.389969e+00 	 NaN 	 NaN 	 NaN 	 NaN 
1.391398e+00 	 NaN 	 NaN 	 NaN 	 NaN 
1.392827e+00 	 NaN 	 NaN 	 NaN 	 NaN 
1.394255e+00 	 NaN 	 NaN 	 NaN 	 NaN 
1.395684e+00 	 NaN 	 NaN 	 NaN 	 NaN 
1.397113e+00 	 NaN 	 NaN 	 NaN 	 NaN 
1.398542e+00 	 NaN 	 NaN 	 NaN 	 NaN 
1.399971e+00 	 NaN 	 NaN 	 NaN 	 NaN 
1.401400e+00 	 NaN 	 NaN 	 NaN 	 NaN 
1.402829e+00 	 NaN 	 NaN 	 NaN 	 NaN 
1.404258e+00 	 NaN 	 NaN 	 NaN 	 NaN 
1.405687e+00 	 NaN 	 NaN 	 NaN 	 NaN 
1.407116e+00 	 NaN 	 NaN 	 NaN 	 NaN 
1.408545e+00 	 NaN 	 NaN 	 NaN 	 NaN 
1.409974e+00 	 NaN 	 NaN 	 NaN 	 NaN 
1.411403e+00 	 NaN 	 NaN 	 NaN 	 NaN 
1.412832e+00 	 NaN 	 NaN 	 NaN 	 NaN 
1.414261e+00 	 NaN 	 NaN 	 NaN 	 NaN 
1.415690e+00 	 NaN 	 NaN 	 NaN 	 NaN 
1.417119e+00 	 NaN 	 NaN 	 NaN 	 NaN 
1.418548e+00 	 NaN 	 NaN 	 NaN 	 NaN 
1.419977e+00 	 NaN 	 NaN 	 NaN 	 NaN 
1.421406e+00 	 NaN 	 NaN 	 NaN 	 NaN 
1.422835e+00 	 NaN 	 NaN 	 NaN 	 NaN 
1.424264e+00 	 NaN 	 NaN 	 NaN 	 NaN 
1.425693e+00 	 NaN 	 NaN 	 NaN 	 NaN 
1.427122e+00 	 NaN 	 NaN 	 NaN 	 NaN 
1.428551e+00 	 NaN 	 NaN 	 NaN 	 NaN 
1.429980e+00 	 NaN 	 NaN 	 NaN 	 NaN 
1.431409e+00 	 NaN 	 NaN 	 NaN 	 NaN 
1.432838e+00 	 NaN 	 NaN 	 NaN 	 NaN 
1.434267e+00 	 NaN 	 NaN 	 NaN 	 NaN 
1.435696e+00 	 NaN 	 NaN 	 NaN 	 NaN 
1.437125e+00 	 NaN 	 NaN 	 NaN 	 NaN 
1.438554e+00 	 NaN 	 NaN 	 NaN 	 NaN 
1.439983e+00 	 NaN 	 NaN 	 NaN 	 NaN 
1.441412e+00 	 NaN 	 NaN 	 NaN 	 NaN 
1.442841e+00 	 NaN 	 NaN 	 NaN 	 NaN 
1.444270e+00 	 NaN 	 NaN 	 NaN 	 NaN 
1.445699e+00 	 NaN 	 NaN 	 NaN 	 NaN 
1.447128e+00 	 NaN 	 NaN 	 NaN 	 NaN 
1.448557e+00 	 NaN 	 NaN 	 NaN 	 NaN 
1.449986e+00 	 NaN 	 NaN 	 NaN 	 NaN 
1.451415e+00 	 NaN 	 NaN 	 NaN 	 NaN 
1.452844e+00 	 NaN 	 NaN 	 NaN 	 NaN 
1.454273e+00 	 NaN 	 NaN 	 NaN 	 NaN 
1.455702e+00 	 NaN 	 NaN 	 NaN 	 NaN 
1.457131e+00 	 NaN 	 NaN 	 NaN 	 NaN 
1.458560e+00 	 NaN 	 NaN 	 NaN 	 NaN 
1.459989e+00 	 NaN 	 NaN 	 NaN 	 NaN 
1.461418e+00 	 NaN 	 NaN 	 NaN 	 NaN 
1.462847e+00 	 NaN 	 NaN 	 NaN 	 NaN 
1.464276e+00 	 NaN 	 NaN 	 NaN 	 NaN 
1.465704e+00 	 NaN 	 NaN 	 NaN 	 NaN 
1.467133e+00 	 NaN 	 NaN 	 NaN 	 NaN 
1.468562e+00 	 NaN 	 NaN 	 NaN 	 NaN 
1.469991e+00 	 NaN 	 NaN 	 NaN 	 NaN 
1.471420e+00 	 NaN 	 NaN 	 NaN 	 NaN 
1.472849e+00 	 NaN 	 NaN 	 NaN 	 NaN 
1.474278e+00 	 NaN 	 NaN 	 NaN 	 NaN 
1.475707e+00 	 NaN 	 NaN 	 NaN 	 NaN 
1.477136e+00 	 NaN 	 NaN 	 NaN 	 NaN 
1.478565e+00 	 NaN 	 NaN 	 NaN 	 NaN 
1.479994e+00 	 NaN 	 NaN 	 NaN 	 NaN 
1.481423e+00 	 NaN 	 NaN 	 NaN 	 NaN 
1.482852e+00 	 NaN 	 NaN 	 NaN 	 NaN 
1.484281e+00 	 NaN 	 NaN 	 NaN 	 NaN 
1.485710e+00 	 NaN 	 NaN 	 NaN 	 NaN 
1.487139e+00 	 NaN 	 NaN 	 NaN 	 NaN 
1.488568e+00 	 NaN 	 NaN 	 NaN 	 NaN 
1.489997e+00 	 NaN 	 NaN 	 NaN 	 NaN 
1.491426e+00 	 NaN 	 NaN 	 NaN 	 NaN 
1.492855e+00 	 NaN 	 NaN 	 NaN 	 NaN 
1.494284e+00 	 NaN 	 NaN 	 NaN 	 NaN 
1.495713e+00 	 NaN 	 NaN 	 NaN 	 NaN 
1.497142e+00 	 NaN 	 NaN 	 NaN 	 NaN 
1.498571e+00 	 NaN 	 NaN 	 NaN 	 NaN 
1.500000e+00 	 NaN 	 NaN 	 NaN 	 NaN 
